TYP	SPECIES	H2O	H+	O2(aq)	SiO2(aq)	Al+3	Fe+2	Mg+2	Ca+2	Na+	K+	HCO3-	Cl-	F-	HPO4-2	SO4-2	B(OH)3(aq)	NO3-	Mn+2	CrO4-2	Ni+2	Cu+2	Zn+2	MoO4-2	H2AsO4-	Sr+2	Ba+2	Pb+2	
MIN	Afwillite	6	-6	0	2	0	0	0	3	0	0	0	0	0	0	0	0	0	0	0	0	0	0	0	0	0	0	0	
MIN	Akermanite	3	-6	0	2	0	0	1	2	0	0	0	0	0	0	0	0	0	0	0	0	0	0	0	0	0	0	0	
MIN	Al	1.5	-3	-0.75	0	1	0	0	0	0	0	0	0	0	0	0	0	0	0	0	0	0	0	0	0	0	0	0	
MIN	Al2(SO4)3	0	0	0	0	2	0	0	0	0	0	0	0	0	0	3	0	0	0	0	0	0	0	0	0	0	0	0	
MIN	Al2(SO4)3.6H2O	6	0	0	0	2	0	0	0	0	0	0	0	0	0	3	0	0	0	0	0	0	0	0	0	0	0	0	
MIN	AlF3	0	0	0	0	1	0	0	0	0	0	0	0	3	0	0	0	0	0	0	0	0	0	0	0	0	0	0	
MIN	Alamosite	1	-2	0	1	0	0	0	0	0	0	0	0	0	0	0	0	0	0	0	0	0	0	0	0	0	0	1	
MIN	Albite	2	-4	0	3	1	0	0	0	1	0	0	0	0	0	0	0	0	0	0	0	0	0	0	0	0	0	0	
MIN	Albite_high	2	-4	0	3	1	0	0	0	1	0	0	0	0	0	0	0	0	0	0	0	0	0	0	0	0	0	0	
MIN	Albite_low	2	-4	0	3	1	0	0	0	1	0	0	0	0	0	0	0	0	0	0	0	0	0	0	0	0	0	0	
MIN	Alstonite	0	-2	0	0	0	0	0	1	0	0	2	0	0	0	0	0	0	0	0	0	0	0	0	0	0	1	0	
MIN	Alum-K	12	0	0	0	1	0	0	0	0	1	0	0	0	0	2	0	0	0	0	0	0	0	0	0	0	0	0	
MIN	Alunite	6	-6	0	0	3	0	0	0	0	1	0	0	0	0	2	0	0	0	0	0	0	0	0	0	0	0	0	
MIN	Amesite-14A	14	-20	0	2	4	0	4	0	0	0	0	0	0	0	0	0	0	0	0	0	0	0	0	0	0	0	0	
MIN	Analcime	2.92	-3.84	0	2.04	0.96	0	0	0	0.96	0	0	0	0	0	0	0	0	0	0	0	0	0	0	0	0	0	0	
MIN	Analcime-dehy	1.92	-3.84	0	2.04	0.96	0	0	0	0.96	0	0	0	0	0	0	0	0	0	0	0	0	0	0	0	0	0	0	
MIN	Andalusite	3	-6	0	1	2	0	0	0	0	0	0	0	0	0	0	0	0	0	0	0	0	0	0	0	0	0	0	
MIN	Andradite	5	-10	0.5	3	0	2	0	3	0	0	0	0	0	0	0	0	0	0	0	0	0	0	0	0	0	0	0	
MIN	Anglesite	0	0	0	0	0	0	0	0	0	0	0	0	0	0	1	0	0	0	0	0	0	0	0	0	0	0	1	
MIN	Anhydrite	0	0	0	0	0	0	0	1	0	0	0	0	0	0	1	0	0	0	0	0	0	0	0	0	0	0	0	
MIN	Annite	6	-10	0	3	1	3	0	0	0	1	0	0	0	0	0	0	0	0	0	0	0	0	0	0	0	0	0	
MIN	Anorthite	4	-8	0	2	2	0	0	1	0	0	0	0	0	0	0	0	0	0	0	0	0	0	0	0	0	0	0	
MIN	Antarcticite	6	0	0	0	0	0	0	1	0	0	0	2	0	0	0	0	0	0	0	0	0	0	0	0	0	0	0	
MIN	Anthophyllite	8	-14	0	8	0	0	7	0	0	0	0	0	0	0	0	0	0	0	0	0	0	0	0	0	0	0	0	
MIN	Antigorite	79	-96	0	34	0	0	48	0	0	0	0	0	0	0	0	0	0	0	0	0	0	0	0	0	0	0	0	
MIN	Antlerite	4	-4	0	0	0	0	0	0	0	0	0	0	0	0	1	0	0	0	0	0	3	0	0	0	0	0	0	
MIN	Aphthitalite	0	0	0	0	0	0	0	0	1	3	0	0	0	0	2	0	0	0	0	0	0	0	0	0	0	0	0	
MIN	Aragonite	0	-1	0	0	0	0	0	1	0	0	1	0	0	0	0	0	0	0	0	0	0	0	0	0	0	0	0	
MIN	Arcanite	0	0	0	0	0	0	0	0	0	2	0	0	0	0	1	0	0	0	0	0	0	0	0	0	0	0	0	
MIN	Arsenolite	-3	2	-1	0	0	0	0	0	0	0	0	0	0	0	0	0	0	0	0	0	0	0	0	2	0	0	0	
MIN	Artinite	5	-3	0	0	0	0	2	0	0	0	1	0	0	0	0	0	0	0	0	0	0	0	0	0	0	0	0	
MIN	As	-1.5	1	-1.25	0	0	0	0	0	0	0	0	0	0	0	0	0	0	0	0	0	0	0	0	1	0	0	0	
MIN	As2O5	-3	2	0	0	0	0	0	0	0	0	0	0	0	0	0	0	0	0	0	0	0	0	0	2	0	0	0	
MIN	As4O6(cubi)	-6	4	-2	0	0	0	0	0	0	0	0	0	0	0	0	0	0	0	0	0	0	0	0	4	0	0	0	
MIN	As4O6(mono)	-6	4	-2	0	0	0	0	0	0	0	0	0	0	0	0	0	0	0	0	0	0	0	0	4	0	0	0	
MIN	Atacamite	6	-6	0	0	0	0	0	0	0	0	0	2	0	0	0	0	0	0	0	0	4	0	0	0	0	0	0	
MIN	Azurite	2	-4	0	0	0	0	0	0	0	0	2	0	0	0	0	0	0	0	0	0	3	0	0	0	0	0	0	
MIN	B	-1.5	0	-0.75	0	0	0	0	0	0	0	0	0	0	0	0	1	0	0	0	0	0	0	0	0	0	0	0	
MIN	B2O3	-3	0	0	0	0	0	0	0	0	0	0	0	0	0	0	2	0	0	0	0	0	0	0	0	0	0	0	
MIN	Ba	1	-2	-0.5	0	0	0	0	0	0	0	0	0	0	0	0	0	0	0	0	0	0	0	0	0	0	1	0	
MIN	Ba(OH)2.8H2O	10	-2	0	0	0	0	0	0	0	0	0	0	0	0	0	0	0	0	0	0	0	0	0	0	0	1	0	
MIN	Ba2Si3O8	2	-4	0	3	0	0	0	0	0	0	0	0	0	0	0	0	0	0	0	0	0	0	0	0	0	2	0	
MIN	Ba2SiO4	2	-4	0	1	0	0	0	0	0	0	0	0	0	0	0	0	0	0	0	0	0	0	0	0	0	2	0	
MIN	BaCl2	0	0	0	0	0	0	0	0	0	0	0	2	0	0	0	0	0	0	0	0	0	0	0	0	0	1	0	
MIN	BaCl2.2H2O	2	0	0	0	0	0	0	0	0	0	0	2	0	0	0	0	0	0	0	0	0	0	0	0	0	1	0	
MIN	BaCl2.H2O	1	0	0	0	0	0	0	0	0	0	0	2	0	0	0	0	0	0	0	0	0	0	0	0	0	1	0	
MIN	BaCrO4	0	0	0	0	0	0	0	0	0	0	0	0	0	0	0	0	0	0	1	0	0	0	0	0	0	1	0	
MIN	BaHPO4	0	0	0	0	0	0	0	0	0	0	0	0	0	1	0	0	0	0	0	0	0	0	0	0	0	1	0	
MIN	BaMnO4	2	-4	1	0	0	0	0	0	0	0	0	0	0	0	0	0	0	1	0	0	0	0	0	0	0	1	0	
MIN	BaO	1	-2	0	0	0	0	0	0	0	0	0	0	0	0	0	0	0	0	0	0	0	0	0	0	0	1	0	
MIN	BaSiF6	-2	4	0	1	0	0	0	0	0	0	0	0	6	0	0	0	0	0	0	0	0	0	0	0	0	1	0	
MIN	Barite	0	0	0	0	0	0	0	0	0	0	0	0	0	0	1	0	0	0	0	0	0	0	0	0	0	1	0	
MIN	Barytocalcite	0	-2	0	0	0	0	0	1	0	0	2	0	0	0	0	0	0	0	0	0	0	0	0	0	0	1	0	
MIN	Bassanite	0.5	0	0	0	0	0	0	1	0	0	0	0	0	0	1	0	0	0	0	0	0	0	0	0	0	0	0	
MIN	Beidellite-Ca	4.66	-7.32	0	3.67	2.33	0	0	0.165	0	0	0	0	0	0	0	0	0	0	0	0	0	0	0	0	0	0	0	
MIN	Beidellite-H	4.66	-6.99	0	3.67	2.33	0	0	0	0	0	0	0	0	0	0	0	0	0	0	0	0	0	0	0	0	0	0	
MIN	Beidellite-K	4.66	-7.32	0	3.67	2.33	0	0	0	0	0.33	0	0	0	0	0	0	0	0	0	0	0	0	0	0	0	0	0	
MIN	Beidellite-Mg	4.66	-7.32	0	3.67	2.33	0	0.165	0	0	0	0	0	0	0	0	0	0	0	0	0	0	0	0	0	0	0	0	
MIN	Beidellite-Na	4.66	-7.32	0	3.67	2.33	0	0	0	0.33	0	0	0	0	0	0	0	0	0	0	0	0	0	0	0	0	0	0	
MIN	Berlinite	0	-1	0	0	1	0	0	0	0	0	0	0	0	1	0	0	0	0	0	0	0	0	0	0	0	0	0	
MIN	Birnessite	13	-16	3	0	0	0	0	0	0	0	0	0	0	0	0	0	0	8	0	0	0	0	0	0	0	0	0	
MIN	Bischofite	6	0	0	0	0	0	1	0	0	0	0	2	0	0	0	0	0	0	0	0	0	0	0	0	0	0	0	
MIN	Bixbyite	2	-4	0.5	0	0	0	0	0	0	0	0	0	0	0	0	0	0	2	0	0	0	0	0	0	0	0	0	
MIN	Bloedite	4	0	0	0	0	0	1	0	2	0	0	0	0	0	2	0	0	0	0	0	0	0	0	0	0	0	0	
MIN	Boehmite	2	-3	0	0	1	0	0	0	0	0	0	0	0	0	0	0	0	0	0	0	0	0	0	0	0	0	0	
MIN	Borax	5	-2	0	0	0	0	0	0	2	0	0	0	0	0	0	4	0	0	0	0	0	0	0	0	0	0	0	
MIN	Boric_acid	0	0	0	0	0	0	0	0	0	0	0	0	0	0	0	1	0	0	0	0	0	0	0	0	0	0	0	
MIN	Brochantite	6	-6	0	0	0	0	0	0	0	0	0	0	0	0	1	0	0	0	0	0	4	0	0	0	0	0	0	
MIN	Brucite	2	-2	0	0	0	0	1	0	0	0	0	0	0	0	0	0	0	0	0	0	0	0	0	0	0	0	0	
MIN	Brushite	2	0	0	0	0	0	0	1	0	0	0	0	0	1	0	0	0	0	0	0	0	0	0	0	0	0	0	
MIN	Bunsenite	1	-2	0	0	0	0	0	0	0	0	0	0	0	0	0	0	0	0	0	1	0	0	0	0	0	0	0	
MIN	Burkeite	0	-1	0	0	0	0	0	0	6	0	1	0	0	0	2	0	0	0	0	0	0	0	0	0	0	0	0	
MIN	C	-1	1	-1	0	0	0	0	0	0	0	1	0	0	0	0	0	0	0	0	0	0	0	0	0	0	0	0	
MIN	Ca	1	-2	-0.5	0	0	0	0	1	0	0	0	0	0	0	0	0	0	0	0	0	0	0	0	0	0	0	0	
MIN	Ca-Al_Pyroxene	4	-8	0	1	2	0	0	1	0	0	0	0	0	0	0	0	0	0	0	0	0	0	0	0	0	0	0	
MIN	Ca2Al2O5.8H2O	13	-10	0	0	2	0	0	2	0	0	0	0	0	0	0	0	0	0	0	0	0	0	0	0	0	0	0	
MIN	Ca2Cl2(OH)2.H2O	3	-2	0	0	0	0	0	2	0	0	0	2	0	0	0	0	0	0	0	0	0	0	0	0	0	0	0	
MIN	Ca3(AsO4)2	0	-4	0	0	0	0	0	3	0	0	0	0	0	0	0	0	0	0	0	0	0	0	0	2	0	0	0	
MIN	Ca3Al2O6	6	-12	0	0	2	0	0	3	0	0	0	0	0	0	0	0	0	0	0	0	0	0	0	0	0	0	0	
MIN	Ca4Al2Fe2O10	9	-18	0.5	0	2	2	0	4	0	0	0	0	0	0	0	0	0	0	0	0	0	0	0	0	0	0	0	
MIN	Ca4Al2O7.13H2O	20	-14	0	0	2	0	0	4	0	0	0	0	0	0	0	0	0	0	0	0	0	0	0	0	0	0	0	
MIN	Ca4Al2O7.19H2O	26	-14	0	0	2	0	0	4	0	0	0	0	0	0	0	0	0	0	0	0	0	0	0	0	0	0	0	
MIN	Ca4Cl2(OH)6.13H2O	19	-6	0	0	0	0	0	4	0	0	0	2	0	0	0	0	0	0	0	0	0	0	0	0	0	0	0	
MIN	CaAl2O4	4	-8	0	0	2	0	0	1	0	0	0	0	0	0	0	0	0	0	0	0	0	0	0	0	0	0	0	
MIN	CaAl2O4.10H2O	14	-8	0	0	2	0	0	1	0	0	0	0	0	0	0	0	0	0	0	0	0	0	0	0	0	0	0	
MIN	CaAl4O7	7	-14	0	0	4	0	0	1	0	0	0	0	0	0	0	0	0	0	0	0	0	0	0	0	0	0	0	
MIN	CaSO4.0.5H2O(beta)	0.5	0	0	0	0	0	0	1	0	0	0	0	0	0	1	0	0	0	0	0	0	0	0	0	0	0	0	
MIN	Calcite	0	-1	0	0	0	0	0	1	0	0	1	0	0	0	0	0	0	0	0	0	0	0	0	0	0	0	0	
MIN	CalciteTang	0	-1	0	0	0	0	0	1	0	0	1	0	0	0	0	0	0	0	0	0	0	0	0	0	0	0	0	
MIN	Vaterite	0	-1	0	0	0	0	0	1	0	0	1	0	0	0	0	0	0	0	0	0	0	0	0	0	0	0	0	
MIN	Carnallite	6	0	0	0	0	0	1	0	0	1	0	3	0	0	0	0	0	0	0	0	0	0	0	0	0	0	0	
MIN	Celadonite	4	-6	0	4	1	0	1	0	0	1	0	0	0	0	0	0	0	0	0	0	0	0	0	0	0	0	0	
MIN	Celestite	0	0	0	0	0	0	0	0	0	0	0	0	0	0	1	0	0	0	0	0	0	0	0	0	1	0	0	
MIN	Cerussite	0	-1	0	0	0	0	0	0	0	0	1	0	0	0	0	0	0	0	0	0	0	0	0	0	0	0	1	
MIN	Chalcanthite	5	0	0	0	0	0	0	0	0	0	0	0	0	0	1	0	0	0	0	0	1	0	0	0	0	0	0	
MIN	Chalcedony	0	0	0	1	0	0	0	0	0	0	0	0	0	0	0	0	0	0	0	0	0	0	0	0	0	0	0	
MIN	Chalcocyanite	0	0	0	0	0	0	0	0	0	0	0	0	0	0	1	0	0	0	0	0	1	0	0	0	0	0	0	
MIN	Chamosite-7A	7	-10	0	1	2	2	0	0	0	0	0	0	0	0	0	0	0	0	0	0	0	0	0	0	0	0	0	
MIN	Chloromagnesite	0	0	0	0	0	0	1	0	0	0	0	2	0	0	0	0	0	0	0	0	0	0	0	0	0	0	0	
MIN	Chromite	-1	2	-1.5	0	0	1	0	0	0	0	0	0	0	0	0	0	0	0	2	0	0	0	0	0	0	0	0	
MIN	Chrysocolla	3	-2	0	1	0	0	0	0	0	0	0	0	0	0	0	0	0	0	0	0	1	0	0	0	0	0	0	
MIN	Chrysotile	5	-6	0	2	0	0	3	0	0	0	0	0	0	0	0	0	0	0	0	0	0	0	0	0	0	0	0	
MIN	Claudetite	-3	2	-1	0	0	0	0	0	0	0	0	0	0	0	0	0	0	0	0	0	0	0	0	2	0	0	0	
MIN	Clinochlore-14A	12	-16	0	3	2	0	5	0	0	0	0	0	0	0	0	0	0	0	0	0	0	0	0	0	0	0	0	
MIN	Clinochlore-7A	12	-16	0	3	2	0	5	0	0	0	0	0	0	0	0	0	0	0	0	0	0	0	0	0	0	0	0	
MIN	Clinoptilolite	17.85	-13.85	0.00425	14.53	3.45	0.017	0.124	0.761	0.954	0.543	0	0	0	0	0	0	0	0.002	0	0	0	0	0	0	0.036	0.062	0	
MIN	Clinoptilolite-Ca	17.85	-13.85	0.00425	14.53	3.45	0.017	0	1.734	0	0	0	0	0	0	0	0	0	0	0	0	0	0	0	0	0	0	0	
MIN	Clinoptilolite-K	17.85	-13.85	0.00425	14.53	3.45	0.017	0	0	0	3.467	0	0	0	0	0	0	0	0	0	0	0	0	0	0	0	0	0	
MIN	Clinoptilolite-Na	17.85	-13.85	0.00425	14.53	3.45	0.017	0	0	3.467	0	0	0	0	0	0	0	0	0	0	0	0	0	0	0	0	0	0	
MIN	Clinoptilolite-Sr	17.85	-13.85	0.00425	14.53	3.45	0.017	0	0	0	0	0	0	0	0	0	0	0	0	0	0	0	0	0	0	1.734	0	0	
MIN	Clinoptilolite-dehy	6.926	-13.85	0.00425	14.53	3.45	0.017	0.124	0.761	0.954	0.543	0	0	0	0	0	0	0	0.002	0	0	0	0	0	0	0.036	0.062	0	
MIN	Clinoptilolite-dehy-Ca	6.926	-13.85	0.00425	14.53	3.45	0.017	0	1.734	0	0	0	0	0	0	0	0	0	0	0	0	0	0	0	0	0	0	0	
MIN	Clinoptilolite-dehy-K	6.926	-13.85	0.00425	14.53	3.45	0.017	0	0	0	3.467	0	0	0	0	0	0	0	0	0	0	0	0	0	0	0	0	0	
MIN	Clinoptilolite-dehy-Na	6.926	-13.85	0.00425	14.53	3.45	0.017	0	0	3.467	0	0	0	0	0	0	0	0	0	0	0	0	0	0	0	0	0	0	
MIN	Clinoptilolite-dehy-Sr	6.926	-13.85	0.00425	14.53	3.45	0.017	0	0	0	0	0	0	0	0	0	0	0	0	0	0	0	0	0	0	1.734	0	0	
MIN	Clinoptilolite-hy-Ca	18.57	-13.85	0.00425	14.53	3.45	0.017	0	1.734	0	0	0	0	0	0	0	0	0	0	0	0	0	0	0	0	0	0	0	
MIN	Clinoptilolite-hy-K	14.42	-13.85	0.00425	14.53	3.45	0.017	0	0	0	3.467	0	0	0	0	0	0	0	0	0	0	0	0	0	0	0	0	0	
MIN	Clinoptilolite-hy-Na	17.8	-13.85	0.00425	14.53	3.45	0.017	0	0	3.467	0	0	0	0	0	0	0	0	0	0	0	0	0	0	0	0	0	0	
MIN	Clinoptilolite-hy-Sr	20.82	-13.85	0.00425	14.53	3.45	0.017	0	0	0	0	0	0	0	0	0	0	0	0	0	0	0	0	0	0	1.734	0	0	
MIN	Clinozoisite	7	-13	0	3	3	0	0	2	0	0	0	0	0	0	0	0	0	0	0	0	0	0	0	0	0	0	0	
MIN	Coesite	0	0	0	1	0	0	0	0	0	0	0	0	0	0	0	0	0	0	0	0	0	0	0	0	0	0	0	
MIN	Colemanite	-2	-4	0	0	0	0	0	2	0	0	0	0	0	0	0	6	0	0	0	0	0	0	0	0	0	0	0	
MIN	Cordierite_anhyd	8	-16	0	5	4	0	2	0	0	0	0	0	0	0	0	0	0	0	0	0	0	0	0	0	0	0	0	
MIN	Cordierite_hydr	9	-16	0	5	4	0	2	0	0	0	0	0	0	0	0	0	0	0	0	0	0	0	0	0	0	0	0	
MIN	Corkite	4.5	-4	0.75	0	0	3	0	0	0	0	0	0	0	1	1	0	0	0	0	0	0	0	0	0	0	0	1	
MIN	Corundum	3	-6	0	0	2	0	0	0	0	0	0	0	0	0	0	0	0	0	0	0	0	0	0	0	0	0	0	
MIN	Cotunnite	0	0	0	0	0	0	0	0	0	0	0	2	0	0	0	0	0	0	0	0	0	0	0	0	0	0	1	
MIN	Cr	-1	2	-1.5	0	0	0	0	0	0	0	0	0	0	0	0	0	0	0	1	0	0	0	0	0	0	0	0	
MIN	CrCl3	-2.5	5	-0.75	0	0	0	0	0	0	0	0	3	0	0	0	0	0	0	1	0	0	0	0	0	0	0	0	
MIN	CrF3	-2.5	5	-0.75	0	0	0	0	0	0	0	0	0	3	0	0	0	0	0	1	0	0	0	0	0	0	0	0	
MIN	CrF4	-3	6	-0.5	0	0	0	0	0	0	0	0	0	4	0	0	0	0	0	1	0	0	0	0	0	0	0	0	
MIN	CrO2	-1	2	-0.5	0	0	0	0	0	0	0	0	0	0	0	0	0	0	0	1	0	0	0	0	0	0	0	0	
MIN	CrO3	-1	2	0	0	0	0	0	0	0	0	0	0	0	0	0	0	0	0	1	0	0	0	0	0	0	0	0	
MIN	Cristobalite(alpha)	0	0	0	1	0	0	0	0	0	0	0	0	0	0	0	0	0	0	0	0	0	0	0	0	0	0	0	
MIN	Cristobalite(beta)	0	0	0	1	0	0	0	0	0	0	0	0	0	0	0	0	0	0	0	0	0	0	0	0	0	0	0	
MIN	Crocoite	0	0	0	0	0	0	0	0	0	0	0	0	0	0	0	0	0	0	1	0	0	0	0	0	0	0	1	
MIN	Cronstedtite-7A	6	-8	0.5	1	0	4	0	0	0	0	0	0	0	0	0	0	0	0	0	0	0	0	0	0	0	0	0	
MIN	Cu	1	-2	-0.5	0	0	0	0	0	0	0	0	0	0	0	0	0	0	0	0	0	1	0	0	0	0	0	0	
MIN	Cu3(PO4)2	0	-2	0	0	0	0	0	0	0	0	0	0	0	2	0	0	0	0	0	0	3	0	0	0	0	0	0	
MIN	Cu3(PO4)2.3H2O	3	-2	0	0	0	0	0	0	0	0	0	0	0	2	0	0	0	0	0	0	3	0	0	0	0	0	0	
MIN	CuCl2	0	0	0	0	0	0	0	0	0	0	0	2	0	0	0	0	0	0	0	0	1	0	0	0	0	0	0	
MIN	CuCr2O4	-1	2	-1.5	0	0	0	0	0	0	0	0	0	0	0	0	0	0	0	2	0	1	0	0	0	0	0	0	
MIN	CuF	0.5	-1	-0.25	0	0	0	0	0	0	0	0	0	1	0	0	0	0	0	0	0	1	0	0	0	0	0	0	
MIN	CuF2	0	0	0	0	0	0	0	0	0	0	0	0	2	0	0	0	0	0	0	0	1	0	0	0	0	0	0	
MIN	CuF2.2H2O	2	0	0	0	0	0	0	0	0	0	0	0	2	0	0	0	0	0	0	0	1	0	0	0	0	0	0	
MIN	Cuprite	2	-4	-0.5	0	0	0	0	0	0	0	0	0	0	0	0	0	0	0	0	0	2	0	0	0	0	0	0	
MIN	Daphnite-14A	12	-16	0	3	2	5	0	0	0	0	0	0	0	0	0	0	0	0	0	0	0	0	0	0	0	0	0	
MIN	Daphnite-7A	12	-16	0	3	2	5	0	0	0	0	0	0	0	0	0	0	0	0	0	0	0	0	0	0	0	0	0	
MIN	Dawsonite	2	-3	0	0	1	0	0	0	1	0	1	0	0	0	0	0	0	0	0	0	0	0	0	0	0	0	0	
MIN	Delafossite	2	-4	0	0	0	1	0	0	0	0	0	0	0	0	0	0	0	0	0	0	1	0	0	0	0	0	0	
MIN	Diaspore	2	-3	0	0	1	0	0	0	0	0	0	0	0	0	0	0	0	0	0	0	0	0	0	0	0	0	0	
MIN	Dicalcium_silicate	2	-4	0	1	0	0	0	2	0	0	0	0	0	0	0	0	0	0	0	0	0	0	0	0	0	0	0	
MIN	Diopside	2	-4	0	2	0	0	1	1	0	0	0	0	0	0	0	0	0	0	0	0	0	0	0	0	0	0	0	
MIN	Dioptase	2	-2	0	1	0	0	0	0	0	0	0	0	0	0	0	0	0	0	0	0	1	0	0	0	0	0	0	
MIN	Dolomite	0	-2	0	0	0	0	1	1	0	0	2	0	0	0	0	0	0	0	0	0	0	0	0	0	0	0	0	
MIN	Dolomite-dis	0	-2	0	0	0	0	1	1	0	0	2	0	0	0	0	0	0	0	0	0	0	0	0	0	0	0	0	
MIN	Dolomite-ord	0	-2	0	0	0	0	1	1	0	0	2	0	0	0	0	0	0	0	0	0	0	0	0	0	0	0	0	
MIN	Enstatite	1	-2	0	1	0	0	1	0	0	0	0	0	0	0	0	0	0	0	0	0	0	0	0	0	0	0	0	
MIN	Epidote	6.5	-12	0.25	3	2	1	0	2	0	0	0	0	0	0	0	0	0	0	0	0	0	0	0	0	0	0	0	
MIN	Epidote-ord	6.5	-12	0.25	3	2	1	0	2	0	0	0	0	0	0	0	0	0	0	0	0	0	0	0	0	0	0	0	
MIN	Epsomite	7	0	0	0	0	0	1	0	0	0	0	0	0	0	1	0	0	0	0	0	0	0	0	0	0	0	0	
MIN	Eskolaite	-2	4	-1.5	0	0	0	0	0	0	0	0	0	0	0	0	0	0	0	2	0	0	0	0	0	0	0	0	
MIN	Ettringite	38	-12	0	0	2	0	0	6	0	0	0	0	0	0	3	0	0	0	0	0	0	0	0	0	0	0	0	
MIN	Fayalite	2	-4	0	1	0	2	0	0	0	0	0	0	0	0	0	0	0	0	0	0	0	0	0	0	0	0	0	
MIN	Fe	1	-2	-0.5	0	0	1	0	0	0	0	0	0	0	0	0	0	0	0	0	0	0	0	0	0	0	0	0	
MIN	Fe(OH)2	2	-2	0	0	0	1	0	0	0	0	0	0	0	0	0	0	0	0	0	0	0	0	0	0	0	0	0	
MIN	Fe(OH)3	2.5	-2	0.25	0	0	1	0	0	0	0	0	0	0	0	0	0	0	0	0	0	0	0	0	0	0	0	0	
MIN	Ferrihydrite	2.5	-2	0.25	0	0	1	0	0	0	0	0	0	0	0	0	0	0	0	0	0	0	0	0	0	0	0	0	
MIN	Fe2(SO4)3	-1	2	0.5	0	0	2	0	0	0	0	0	0	0	0	3	0	0	0	0	0	0	0	0	0	0	0	0	
MIN	FeF2	0	0	0	0	0	1	0	0	0	0	0	0	2	0	0	0	0	0	0	0	0	0	0	0	0	0	0	
MIN	FeF3	-0.5	1	0.25	0	0	1	0	0	0	0	0	0	3	0	0	0	0	0	0	0	0	0	0	0	0	0	0	
MIN	FeO	1	-2	0	0	0	1	0	0	0	0	0	0	0	0	0	0	0	0	0	0	0	0	0	0	0	0	0	
MIN	FeSO4	0	0	0	0	0	1	0	0	0	0	0	0	0	0	1	0	0	0	0	0	0	0	0	0	0	0	0	
MIN	Ferrite-Ca	3	-6	0.5	0	0	2	0	1	0	0	0	0	0	0	0	0	0	0	0	0	0	0	0	0	0	0	0	
MIN	Ferrite-Cu	3	-6	0.5	0	0	2	0	0	0	0	0	0	0	0	0	0	0	0	0	0	1	0	0	0	0	0	0	
MIN	Ferrite-Dicalcium	4	-8	0.5	0	0	2	0	2	0	0	0	0	0	0	0	0	0	0	0	0	0	0	0	0	0	0	0	
MIN	Ferrite-Mg	3	-6	0.5	0	0	2	1	0	0	0	0	0	0	0	0	0	0	0	0	0	0	0	0	0	0	0	0	
MIN	Ferrite-Zn	3	-6	0.5	0	0	2	0	0	0	0	0	0	0	0	0	0	0	0	0	0	0	1	0	0	0	0	0	
MIN	Ferrosilite	1	-2	0	1	0	1	0	0	0	0	0	0	0	0	0	0	0	0	0	0	0	0	0	0	0	0	0	
MIN	Fluorapatite	0	-3	0	0	0	0	0	5	0	0	0	0	1	3	0	0	0	0	0	0	0	0	0	0	0	0	0	
MIN	Fluorite	0	0	0	0	0	0	0	1	0	0	0	0	2	0	0	0	0	0	0	0	0	0	0	0	0	0	0	
MIN	Forsterite	2	-4	0	1	0	0	2	0	0	0	0	0	0	0	0	0	0	0	0	0	0	0	0	0	0	0	0	
MIN	Foshagite	5.5	-8	0	3	0	0	0	4	0	0	0	0	0	0	0	0	0	0	0	0	0	0	0	0	0	0	0	
MIN	Frankdicksonite	0	0	0	0	0	0	0	0	0	0	0	0	2	0	0	0	0	0	0	0	0	0	0	0	0	1	0	
MIN	Gaylussite	5	-2	0	0	0	0	0	1	2	0	2	0	0	0	0	0	0	0	0	0	0	0	0	0	0	0	0	
MIN	Gehlenite	5	-10	0	1	2	0	0	2	0	0	0	0	0	0	0	0	0	0	0	0	0	0	0	0	0	0	0	
MIN	Gibbsite	3	-3	0	0	1	0	0	0	0	0	0	0	0	0	0	0	0	0	0	0	0	0	0	0	0	0	0	
MIN	Gismondine	17	-16	0	4	4	0	0	2	0	0	0	0	0	0	0	0	0	0	0	0	0	0	0	0	0	0	0	
MIN	Glauberite	0	0	0	0	0	0	0	1	2	0	0	0	0	0	2	0	0	0	0	0	0	0	0	0	0	0	0	
MIN	Goethite	1.5	-2	0.25	0	0	1	0	0	0	0	0	0	0	0	0	0	0	0	0	0	0	0	0	0	0	0	0	
MIN	Greenalite	5	-6	0	2	0	3	0	0	0	0	0	0	0	0	0	0	0	0	0	0	0	0	0	0	0	0	0	
MIN	Grossular	6	-12	0	3	2	0	0	3	0	0	0	0	0	0	0	0	0	0	0	0	0	0	0	0	0	0	0	
MIN	Gypsum	2	0	0	0	0	0	0	1	0	0	0	0	0	0	1	0	0	0	0	0	0	0	0	0	0	0	0	
MIN	Gyrolite	4.5	-4	0	3	0	0	0	2	0	0	0	0	0	0	0	0	0	0	0	0	0	0	0	0	0	0	0	
MIN	Halite	0	0	0	0	0	0	0	0	1	0	0	1	0	0	0	0	0	0	0	0	0	0	0	0	0	0	0	
MIN	Hatrurite	3	-6	0	1	0	0	0	3	0	0	0	0	0	0	0	0	0	0	0	0	0	0	0	0	0	0	0	
MIN	Hausmannite	3	-6	0.5	0	0	0	0	0	0	0	0	0	0	0	0	0	0	3	0	0	0	0	0	0	0	0	0	
MIN	Hedenbergite	2	-4	0	2	0	1	0	1	0	0	0	0	0	0	0	0	0	0	0	0	0	0	0	0	0	0	0	
MIN	Hematite	2	-4	0.5	0	0	2	0	0	0	0	0	0	0	0	0	0	0	0	0	0	0	0	0	0	0	0	0	
MIN	Hercynite	4	-8	0	0	2	1	0	0	0	0	0	0	0	0	0	0	0	0	0	0	0	0	0	0	0	0	0	
MIN	Heulandite	10.33	-8.66	0	6.835	2.165	0	0	0.585	0.383	0.132	0	0	0	0	0	0	0	0	0	0	0	0	0	0	0.175	0.065	0	
MIN	Hexahydrite	6	0	0	0	0	0	1	0	0	0	0	0	0	0	1	0	0	0	0	0	0	0	0	0	0	0	0	
MIN	Hillebrandite	3.17	-4	0	1	0	0	0	2	0	0	0	0	0	0	0	0	0	0	0	0	0	0	0	0	0	0	0	
MIN	Hinsdalite	6	-7	0	0	3	0	0	0	0	0	0	0	0	1	1	0	0	0	0	0	0	0	0	0	0	0	1	
MIN	Hopeite	4	-2	0	0	0	0	0	0	0	0	0	0	0	2	0	0	0	0	0	0	0	3	0	0	0	0	0	
MIN	Huntite	0	-4	0	0	0	0	3	1	0	0	4	0	0	0	0	0	0	0	0	0	0	0	0	0	0	0	0	
MIN	Hydroboracite	-1	-4	0	0	0	0	1	1	0	0	0	0	0	0	0	6	0	0	0	0	0	0	0	0	0	0	0	
MIN	Hydrocerussite	2	-4	0	0	0	0	0	0	0	0	2	0	0	0	0	0	0	0	0	0	0	0	0	0	0	0	3	
MIN	Hydromagnesite	6	-6	0	0	0	0	5	0	0	0	4	0	0	0	0	0	0	0	0	0	0	0	0	0	0	0	0	
MIN	Hydrophilite	0	0	0	0	0	0	0	1	0	0	0	2	0	0	0	0	0	0	0	0	0	0	0	0	0	0	0	
MIN	Hydroxylapatite	1	-4	0	0	0	0	0	5	0	0	0	0	0	3	0	0	0	0	0	0	0	0	0	0	0	0	0	
MIN	Hydrozincite	6	-8	0	0	0	0	0	0	0	0	2	0	0	0	0	0	0	0	0	0	0	5	0	0	0	0	0	
MIN	Ice	1	0	0	0	0	0	0	0	0	0	0	0	0	0	0	0	0	0	0	0	0	0	0	0	0	0	0	
MIN	Illite	5	-8	0	3.5	2.3	0	0.25	0	0	0.6	0	0	0	0	0	0	0	0	0	0	0	0	0	0	0	0	0	
MIN	Jadeite	2	-4	0	2	1	0	0	0	1	0	0	0	0	0	0	0	0	0	0	0	0	0	0	0	0	0	0	
MIN	Jarosite	4.5	-3	0.75	0	0	3	0	0	0	1	0	0	0	0	2	0	0	0	0	0	0	0	0	0	0	0	0	
MIN	Jarosite-Na	4.5	-3	0.75	0	0	3	0	0	1	0	0	0	0	0	2	0	0	0	0	0	0	0	0	0	0	0	0	
MIN	Jurbanite	6	-1	0	0	1	0	0	0	0	0	0	0	0	0	1	0	0	0	0	0	0	0	0	0	0	0	0	
MIN	K	0.5	-1	-0.25	0	0	0	0	0	0	1	0	0	0	0	0	0	0	0	0	0	0	0	0	0	0	0	0	
MIN	K-Feldspar	2	-4	0	3	1	0	0	0	0	1	0	0	0	0	0	0	0	0	0	0	0	0	0	0	0	0	0	
MIN	K2CO3.1.5H2O	1.5	-1	0	0	0	0	0	0	0	2	1	0	0	0	0	0	0	0	0	0	0	0	0	0	0	0	0	
MIN	K2O	1	-2	0	0	0	0	0	0	0	2	0	0	0	0	0	0	0	0	0	0	0	0	0	0	0	0	0	
MIN	K3H(SO4)2	0	1	0	0	0	0	0	0	0	3	0	0	0	0	2	0	0	0	0	0	0	0	0	0	0	0	0	
MIN	K8H4(CO3)6.3H2O	3	-2	0	0	0	0	0	0	0	8	6	0	0	0	0	0	0	0	0	0	0	0	0	0	0	0	0	
MIN	KAl(SO4)2	0	0	0	0	1	0	0	0	0	1	0	0	0	0	2	0	0	0	0	0	0	0	0	0	0	0	0	
MIN	KMgCl3	0	0	0	0	0	0	1	0	0	1	0	3	0	0	0	0	0	0	0	0	0	0	0	0	0	0	0	
MIN	KMgCl3.2H2O	2	0	0	0	0	0	1	0	0	1	0	3	0	0	0	0	0	0	0	0	0	0	0	0	0	0	0	
MIN	KNaCO3.6H2O	6	-1	0	0	0	0	0	0	1	1	1	0	0	0	0	0	0	0	0	0	0	0	0	0	0	0	0	
MIN	Kainite	3	0	0	0	0	0	1	0	0	1	0	1	0	0	1	0	0	0	0	0	0	0	0	0	0	0	0	
MIN	Kalicinite	0	0	0	0	0	0	0	0	0	1	1	0	0	0	0	0	0	0	0	0	0	0	0	0	0	0	0	
MIN	Kalsilite	2	-4	0	1	1	0	0	0	0	1	0	0	0	0	0	0	0	0	0	0	0	0	0	0	0	0	0	
MIN	Kaolinite	5	-6	0	2	2	0	0	0	0	0	0	0	0	0	0	0	0	0	0	0	0	0	0	0	0	0	0	
MIN	Katoite	12	-12	0	0	2	0	0	3	0	0	0	0	0	0	0	0	0	0	0	0	0	0	0	0	0	0	0	
MIN	Hydrogarnet	8	-12	0	0	2	0	0	3	0	0	0	0	0	0	0	0	0	0	0	0	0	0	0	0	0	0	0	
MIN	EttringiteMarchand	8	-12	0	0	2	0	0	6	0	0	0	0	0	0	3	0	0	0	0	0	0	0	0	0	0	0	0	
MIN	CSHMarchand	2	-2	0	0	0	0	0	1	0	0	0	0	0	0	0	0	0	0	0	0	0	0	0	0	0	0	0	
MIN	PortlanditeMarchand	2	-2	0	0	0	0	0	1	0	0	0	0	0	0	0	0	0	0	0	0	0	0	0	0	0	0	0	
MIN	GypsumMarchand	2	0	0	0	0	0	0	1	0	0	0	0	0	0	1	0	0	0	0	0	0	0	0	0	0	0	0	
MIN	Kieserite	1	0	0	0	0	0	1	0	0	0	0	0	0	0	1	0	0	0	0	0	0	0	0	0	0	0	0	
MIN	Kyanite	3	-6	0	1	2	0	0	0	0	0	0	0	0	0	0	0	0	0	0	0	0	0	0	0	0	0	0	
MIN	Lammerite	0	-4	0	0	0	0	0	0	0	0	0	0	0	0	0	0	0	0	0	0	3	0	0	2	0	0	0	
MIN	Lanarkite	1	-2	0	0	0	0	0	0	0	0	0	0	0	0	1	0	0	0	0	0	0	0	0	0	0	0	2	
MIN	Lansfordite	5	-1	0	0	0	0	1	0	0	0	1	0	0	0	0	0	0	0	0	0	0	0	0	0	0	0	0	
MIN	Larnite	2	-4	0	1	0	0	0	2	0	0	0	0	0	0	0	0	0	0	0	0	0	0	0	0	0	0	0	
MIN	Laumontite	8	-8	0	4	2	0	0	1	0	0	0	0	0	0	0	0	0	0	0	0	0	0	0	0	0	0	0	
MIN	Lawrencite	0	0	0	0	0	1	0	0	0	0	0	2	0	0	0	0	0	0	0	0	0	0	0	0	0	0	0	
MIN	Lawsonite	6	-8	0	2	2	0	0	1	0	0	0	0	0	0	0	0	0	0	0	0	0	0	0	0	0	0	0	
MIN	Leonite	4	0	0	0	0	0	1	0	0	2	0	0	0	0	2	0	0	0	0	0	0	0	0	0	0	0	0	
MIN	Lime	1	-2	0	0	0	0	0	1	0	0	0	0	0	0	0	0	0	0	0	0	0	0	0	0	0	0	0	
MIN	Litharge	1	-2	0	0	0	0	0	0	0	0	0	0	0	0	0	0	0	0	0	0	0	0	0	0	0	0	1	
MIN	Lopezite	-1	2	0	0	0	0	0	0	0	2	0	0	0	0	0	0	0	0	2	0	0	0	0	0	0	0	0	
MIN	Magnesiochromite	-1	2	-1.5	0	0	0	1	0	0	0	0	0	0	0	0	0	0	0	2	0	0	0	0	0	0	0	0	
MIN	Magnesite	0	-1	0	0	0	0	1	0	0	0	1	0	0	0	0	0	0	0	0	0	0	0	0	0	0	0	0	
MIN	MagnesiteLiLi	0	-1	0	0	0	0	1	0	0	0	1	0	0	0	0	0	0	0	0	0	0	0	0	0	0	0	0	
MIN	Magnetite	3	-6	0.5	0	0	3	0	0	0	0	0	0	0	0	0	0	0	0	0	0	0	0	0	0	0	0	0	
MIN	Malachite	2	-3	0	0	0	0	0	0	0	0	1	0	0	0	0	0	0	0	0	0	2	0	0	0	0	0	0	
MIN	Manganite	1.5	-2	0.25	0	0	0	0	0	0	0	0	0	0	0	0	0	0	1	0	0	0	0	0	0	0	0	0	
MIN	Manganosite	1	-2	0	0	0	0	0	0	0	0	0	0	0	0	0	0	0	1	0	0	0	0	0	0	0	0	0	
MIN	Margarite	8	-14	0	2	4	0	0	1	0	0	0	0	0	0	0	0	0	0	0	0	0	0	0	0	0	0	0	
MIN	Massicot	1	-2	0	0	0	0	0	0	0	0	0	0	0	0	0	0	0	0	0	0	0	0	0	0	0	0	1	
MIN	Matlockite	0	0	0	0	0	0	0	0	0	0	0	1	1	0	0	0	0	0	0	0	0	0	0	0	0	0	1	
MIN	Maximum_Microcline	2	-4	0	3	1	0	0	0	0	1	0	0	0	0	0	0	0	0	0	0	0	0	0	0	0	0	0	
MIN	Mayenite	33	-66	0	0	14	0	0	12	0	0	0	0	0	0	0	0	0	0	0	0	0	0	0	0	0	0	0	
MIN	Melanterite	7	0	0	0	0	1	0	0	0	0	0	0	0	0	1	0	0	0	0	0	0	0	0	0	0	0	0	
MIN	Mercallite	0	1	0	0	0	0	0	0	0	1	0	0	0	0	1	0	0	0	0	0	0	0	0	0	0	0	0	
MIN	Merwinite	4	-8	0	2	0	0	1	3	0	0	0	0	0	0	0	0	0	0	0	0	0	0	0	0	0	0	0	
MIN	Mesolite	6.627	-7.96	0	3.01	1.99	0	0	0.657	0.676	0	0	0	0	0	0	0	0	0	0	0	0	0	0	0	0	0	0	
MIN	Mg	1	-2	-0.5	0	0	0	1	0	0	0	0	0	0	0	0	0	0	0	0	0	0	0	0	0	0	0	0	
MIN	Mg1.25SO4(OH)0.5.0.5H2O	1	-0.5	0	0	0	0	1.25	0	0	0	0	0	0	0	1	0	0	0	0	0	0	0	0	0	0	0	0	
MIN	Mg1.5SO4(OH)	1	-1	0	0	0	0	1.5	0	0	0	0	0	0	0	1	0	0	0	0	0	0	0	0	0	0	0	0	
MIN	MgCl2.2H2O	2	0	0	0	0	0	1	0	0	0	0	2	0	0	0	0	0	0	0	0	0	0	0	0	0	0	0	
MIN	MgCl2.4H2O	4	0	0	0	0	0	1	0	0	0	0	2	0	0	0	0	0	0	0	0	0	0	0	0	0	0	0	
MIN	MgCl2.H2O	1	0	0	0	0	0	1	0	0	0	0	2	0	0	0	0	0	0	0	0	0	0	0	0	0	0	0	
MIN	MgOHCl	1	-1	0	0	0	0	1	0	0	0	0	1	0	0	0	0	0	0	0	0	0	0	0	0	0	0	0	
MIN	MgSO4	0	0	0	0	0	0	1	0	0	0	0	0	0	0	1	0	0	0	0	0	0	0	0	0	0	0	0	
MIN	Minium	3	-6	0.5	0	0	0	0	0	0	0	0	0	0	0	0	0	0	0	0	0	0	0	0	0	0	0	3	
MIN	Minnesotaite	4	-6	0	4	0	3	0	0	0	0	0	0	0	0	0	0	0	0	0	0	0	0	0	0	0	0	0	
MIN	Mirabilite	10	0	0	0	0	0	0	0	2	0	0	0	0	0	1	0	0	0	0	0	0	0	0	0	0	0	0	
MIN	Misenite	0	6	0	0	0	0	0	0	0	8	0	0	0	0	7	0	0	0	0	0	0	0	0	0	0	0	0	
MIN	Mn	1	-2	-0.5	0	0	0	0	0	0	0	0	0	0	0	0	0	0	1	0	0	0	0	0	0	0	0	0	
MIN	Mn(OH)2(am)	2	-2	0	0	0	0	0	0	0	0	0	0	0	0	0	0	0	1	0	0	0	0	0	0	0	0	0	
MIN	Mn(OH)3	2.5	-2	0.25	0	0	0	0	0	0	0	0	0	0	0	0	0	0	1	0	0	0	0	0	0	0	0	0	
MIN	Mn3(PO4)2	0	-2	0	0	0	0	0	0	0	0	0	0	0	2	0	0	0	3	0	0	0	0	0	0	0	0	0	
MIN	MnCl2.2H2O	2	0	0	0	0	0	0	0	0	0	0	2	0	0	0	0	0	1	0	0	0	0	0	0	0	0	0	
MIN	MnCl2.4H2O	4	0	0	0	0	0	0	0	0	0	0	2	0	0	0	0	0	1	0	0	0	0	0	0	0	0	0	
MIN	MnCl2.H2O	1	0	0	0	0	0	0	0	0	0	0	2	0	0	0	0	0	1	0	0	0	0	0	0	0	0	0	
MIN	MnHPO4	0	0	0	0	0	0	0	0	0	0	0	0	0	1	0	0	0	1	0	0	0	0	0	0	0	0	0	
MIN	MnO2(gamma)	1	-2	0.5	0	0	0	0	0	0	0	0	0	0	0	0	0	0	1	0	0	0	0	0	0	0	0	0	
MIN	MnSO4	0	0	0	0	0	0	0	0	0	0	0	0	0	0	1	0	0	1	0	0	0	0	0	0	0	0	0	
MIN	Mo	-1	2	-1.5	0	0	0	0	0	0	0	0	0	0	0	0	0	0	0	0	0	0	0	1	0	0	0	0	
MIN	Molysite	-0.5	1	0.25	0	0	1	0	0	0	0	0	3	0	0	0	0	0	0	0	0	0	0	0	0	0	0	0	
MIN	Monohydrocalcite	1	-1	0	0	0	0	0	1	0	0	1	0	0	0	0	0	0	0	0	0	0	0	0	0	0	0	0	
MIN	Monticellite	2	-4	0	1	0	0	1	1	0	0	0	0	0	0	0	0	0	0	0	0	0	0	0	0	0	0	0	
MIN	Montmor-Ca	4	-6	0	4	1.67	0	0.33	0.165	0	0	0	0	0	0	0	0	0	0	0	0	0	0	0	0	0	0	0	
MIN	Montmor-K	4	-6	0	4	1.67	0	0.33	0	0	0.33	0	0	0	0	0	0	0	0	0	0	0	0	0	0	0	0	0	
MIN	Montmor-Mg	4	-6	0	4	1.67	0	0.495	0	0	0	0	0	0	0	0	0	0	0	0	0	0	0	0	0	0	0	0	
MIN	Montmor-Na	4	-6	0	4	1.67	0	0.33	0	0.33	0	0	0	0	0	0	0	0	0	0	0	0	0	0	0	0	0	0	
MIN	Mordenite	5.348	-3.76	0	5.06	0.94	0	0	0.2895	0.361	0	0	0	0	0	0	0	0	0	0	0	0	0	0	0	0	0	0	
MIN	Mordenite-dehy	1.88	-3.76	0	5.06	0.94	0	0	0.2895	0.361	0	0	0	0	0	0	0	0	0	0	0	0	0	0	0	0	0	0	
MIN	Morenosite	7	0	0	0	0	0	0	0	0	0	0	0	0	0	1	0	0	0	0	1	0	0	0	0	0	0	0	
MIN	Muscovite	6	-10	0	3	3	0	0	0	0	1	0	0	0	0	0	0	0	0	0	0	0	0	0	0	0	0	0	
MIN	Na	0.5	-1	-0.25	0	0	0	0	0	1	0	0	0	0	0	0	0	0	0	0	0	0	0	0	0	0	0	0	
MIN	Na2CO3	0	-1	0	0	0	0	0	0	2	0	1	0	0	0	0	0	0	0	0	0	0	0	0	0	0	0	0	
MIN	Na2CO3.7H2O	7	-1	0	0	0	0	0	0	2	0	1	0	0	0	0	0	0	0	0	0	0	0	0	0	0	0	0	
MIN	Na2Cr2O7	-1	2	0	0	0	0	0	0	2	0	0	0	0	0	0	0	0	0	2	0	0	0	0	0	0	0	0	
MIN	Na2CrO4	0	0	0	0	0	0	0	0	2	0	0	0	0	0	0	0	0	0	1	0	0	0	0	0	0	0	0	
MIN	Na2O	1	-2	0	0	0	0	0	0	2	0	0	0	0	0	0	0	0	0	0	0	0	0	0	0	0	0	0	
MIN	Na2SiO3	1	-2	0	1	0	0	0	0	2	0	0	0	0	0	0	0	0	0	0	0	0	0	0	0	0	0	0	
MIN	Na3H(SO4)2	0	1	0	0	0	0	0	0	3	0	0	0	0	0	2	0	0	0	0	0	0	0	0	0	0	0	0	
MIN	Na4Ca(SO4)3.2H2O	2	0	0	0	0	0	0	1	4	0	0	0	0	0	3	0	0	0	0	0	0	0	0	0	0	0	0	
MIN	Na4SiO4	2	-4	0	1	0	0	0	0	4	0	0	0	0	0	0	0	0	0	0	0	0	0	0	0	0	0	0	
MIN	Na6Si2O7	3	-6	0	2	0	0	0	0	6	0	0	0	0	0	0	0	0	0	0	0	0	0	0	0	0	0	0	
MIN	NaFeO2	1.5	-3	0.25	0	0	1	0	0	1	0	0	0	0	0	0	0	0	0	0	0	0	0	0	0	0	0	0	
MIN	Nahcolite	0	0	0	0	0	0	0	0	1	0	1	0	0	0	0	0	0	0	0	0	0	0	0	0	0	0	0	
MIN	Nantokite	0.5	-1	-0.25	0	0	0	0	0	0	0	0	1	0	0	0	0	0	0	0	0	1	0	0	0	0	0	0	
MIN	Natrolite	6	-8	0	3	2	0	0	0	2	0	0	0	0	0	0	0	0	0	0	0	0	0	0	0	0	0	0	
MIN	Natron	10	-1	0	0	0	0	0	0	2	0	1	0	0	0	0	0	0	0	0	0	0	0	0	0	0	0	0	
MIN	Natrosilite	1	-2	0	2	0	0	0	0	2	0	0	0	0	0	0	0	0	0	0	0	0	0	0	0	0	0	0	
MIN	Nepheline	2	-4	0	1	1	0	0	0	1	0	0	0	0	0	0	0	0	0	0	0	0	0	0	0	0	0	0	
MIN	Nesquehonite	3	-1	0	0	0	0	1	0	0	0	1	0	0	0	0	0	0	0	0	0	0	0	0	0	0	0	0	
MIN	Ni	1	-2	-0.5	0	0	0	0	0	0	0	0	0	0	0	0	0	0	0	0	1	0	0	0	0	0	0	0	
MIN	Ni(OH)2	2	-2	0	0	0	0	0	0	0	0	0	0	0	0	0	0	0	0	0	1	0	0	0	0	0	0	0	
MIN	Ni2P2O7	-1	0	0	0	0	0	0	0	0	0	0	0	0	2	0	0	0	0	0	2	0	0	0	0	0	0	0	
MIN	Ni2SiO4	2	-4	0	1	0	0	0	0	0	0	0	0	0	0	0	0	0	0	0	2	0	0	0	0	0	0	0	
MIN	Ni3(PO4)2	0	-2	0	0	0	0	0	0	0	0	0	0	0	2	0	0	0	0	0	3	0	0	0	0	0	0	0	
MIN	NiCO3	0	-1	0	0	0	0	0	0	0	0	1	0	0	0	0	0	0	0	0	1	0	0	0	0	0	0	0	
MIN	NiCl2	0	0	0	0	0	0	0	0	0	0	0	2	0	0	0	0	0	0	0	1	0	0	0	0	0	0	0	
MIN	NiCl2.2H2O	2	0	0	0	0	0	0	0	0	0	0	2	0	0	0	0	0	0	0	1	0	0	0	0	0	0	0	
MIN	NiCl2.4H2O	4	0	0	0	0	0	0	0	0	0	0	2	0	0	0	0	0	0	0	1	0	0	0	0	0	0	0	
MIN	NiF2	0	0	0	0	0	0	0	0	0	0	0	0	2	0	0	0	0	0	0	1	0	0	0	0	0	0	0	
MIN	NiF2.4H2O	4	0	0	0	0	0	0	0	0	0	0	0	2	0	0	0	0	0	0	1	0	0	0	0	0	0	0	
MIN	NiSO4	0	0	0	0	0	0	0	0	0	0	0	0	0	0	1	0	0	0	0	1	0	0	0	0	0	0	0	
MIN	NiSO4.6H2O(alpha)	6	0	0	0	0	0	0	0	0	0	0	0	0	0	1	0	0	0	0	1	0	0	0	0	0	0	0	
MIN	Nickelbischofite	6	0	0	0	0	0	0	0	0	0	0	2	0	0	0	0	0	0	0	1	0	0	0	0	0	0	0	
MIN	Niter	0	0	0	0	0	0	0	0	0	1	0	0	0	0	0	0	1	0	0	0	0	0	0	0	0	0	0	
MIN	Nitrobarite	0	0	0	0	0	0	0	0	0	0	0	0	0	0	0	0	2	0	0	0	0	0	0	0	0	1	0	
MIN	Nontronite-Ca	3.66	-5.32	0.5	3.67	0.33	2	0	0.165	0	0	0	0	0	0	0	0	0	0	0	0	0	0	0	0	0	0	0	
MIN	Nontronite-H	3.66	-4.99	0.5	3.67	0.33	2	0	0	0	0	0	0	0	0	0	0	0	0	0	0	0	0	0	0	0	0	0	
MIN	Nontronite-K	3.66	-5.32	0.5	3.67	0.33	2	0	0	0	0.33	0	0	0	0	0	0	0	0	0	0	0	0	0	0	0	0	0	
MIN	Nontronite-Mg	3.66	-5.32	0.5	3.67	0.33	2	0.165	0	0	0	0	0	0	0	0	0	0	0	0	0	0	0	0	0	0	0	0	
MIN	Nontronite-Na	3.66	-5.32	0.5	3.67	0.33	2	0	0	0.33	0	0	0	0	0	0	0	0	0	0	0	0	0	0	0	0	0	0	
MIN	Okenite	3	-2	0	2	0	0	0	1	0	0	0	0	0	0	0	0	0	0	0	0	0	0	0	0	0	0	0	
MIN	Oxychloride-Mg	7	-3	0	0	0	0	2	0	0	0	0	1	0	0	0	0	0	0	0	0	0	0	0	0	0	0	0	
MIN	P	-1.5	2	-1.25	0	0	0	0	0	0	0	0	0	0	1	0	0	0	0	0	0	0	0	0	0	0	0	0	
MIN	Paragonite	6	-10	0	3	3	0	0	0	1	0	0	0	0	0	0	0	0	0	0	0	0	0	0	0	0	0	0	
MIN	Paralaurionite	1	-1	0	0	0	0	0	0	0	0	0	1	0	0	0	0	0	0	0	0	0	0	0	0	0	0	1	
MIN	Pargasite	12	-22	0	6	3	0	4	2	1	0	0	0	0	0	0	0	0	0	0	0	0	0	0	0	0	0	0	
MIN	Pb	1	-2	-0.5	0	0	0	0	0	0	0	0	0	0	0	0	0	0	0	0	0	0	0	0	0	0	0	1	
MIN	Pb(H2PO4)2	0	2	0	0	0	0	0	0	0	0	0	0	0	2	0	0	0	0	0	0	0	0	0	0	0	0	1	
MIN	Pb2Cl2CO3	0	-1	0	0	0	0	0	0	0	0	1	2	0	0	0	0	0	0	0	0	0	0	0	0	0	0	2	
MIN	Pb2SiO4	2	-4	0	1	0	0	0	0	0	0	0	0	0	0	0	0	0	0	0	0	0	0	0	0	0	0	2	
MIN	Pb3(PO4)2	0	-2	0	0	0	0	0	0	0	0	0	0	0	2	0	0	0	0	0	0	0	0	0	0	0	0	3	
MIN	Pb3SO6	2	-4	0	0	0	0	0	0	0	0	0	0	0	0	1	0	0	0	0	0	0	0	0	0	0	0	3	
MIN	Pb4Cl2(OH)6	6	-6	0	0	0	0	0	0	0	0	0	2	0	0	0	0	0	0	0	0	0	0	0	0	0	0	4	
MIN	Pb4O(PO4)2	1	-4	0	0	0	0	0	0	0	0	0	0	0	2	0	0	0	0	0	0	0	0	0	0	0	0	4	
MIN	Pb4SO7	3	-6	0	0	0	0	0	0	0	0	0	0	0	0	1	0	0	0	0	0	0	0	0	0	0	0	4	
MIN	PbCO3.PbO	1	-3	0	0	0	0	0	0	0	0	1	0	0	0	0	0	0	0	0	0	0	0	0	0	0	0	2	
MIN	PbF2	0	0	0	0	0	0	0	0	0	0	0	0	2	0	0	0	0	0	0	0	0	0	0	0	0	0	1	
MIN	PbFCl	0	0	0	0	0	0	0	0	0	0	0	1	1	0	0	0	0	0	0	0	0	0	0	0	0	0	1	
MIN	PbHPO4	0	0	0	0	0	0	0	0	0	0	0	0	0	1	0	0	0	0	0	0	0	0	0	0	0	0	1	
MIN	Pentahydrite	5	0	0	0	0	0	1	0	0	0	0	0	0	0	1	0	0	0	0	0	0	0	0	0	0	0	0	
MIN	Periclase	1	-2	0	0	0	0	1	0	0	0	0	0	0	0	0	0	0	0	0	0	0	0	0	0	0	0	0	
MIN	Phlogopite	6	-10	0	3	1	0	3	0	0	1	0	0	0	0	0	0	0	0	0	0	0	0	0	0	0	0	0	
MIN	Phosgenite	0	-1	0	0	0	0	0	0	0	0	1	2	0	0	0	0	0	0	0	0	0	0	0	0	0	0	2	
MIN	Picromerite	6	0	0	0	0	0	1	0	0	2	0	0	0	0	2	0	0	0	0	0	0	0	0	0	0	0	0	
MIN	Pirssonite	2	-2	0	0	0	0	0	1	2	0	2	0	0	0	0	0	0	0	0	0	0	0	0	0	0	0	0	
MIN	PlagAn5Or5	2.2	-4.2	0	2.9	1.05	0	0	0.05	0.9	0.05	0	0	0	0	0	0	0	0	0	0	0	0	0	0	0	0	0	
MIN	PlagAn10Or5	2.1	-4.4	0	2.95	1.1	0	0	0.1	0.85	0.05	0	0	0	0	0	0	0	0	0	0	0	0	0	0	0	0	0	
MIN	PlagAn50Ab50	3	-6	0	2.5	1.5	0	0	0.5	0.5	0	0	0	0	0	0	0	0	0	0	0	0	0	0	0	0	0	0	
MIN	PlagAb50Or50	2	-4	0	3	1	0	0	0	0.5	0.5	0	0	0	0	0	0	0	0	0	0	0	0	0	0	0	0	0	
MIN	PlagAn10Ab90	2.2	-4.4	0	2.9	1.1	0	0	0.1	0.9	0	0	0	0	0	0	0	0	0	0	0	0	0	0	0	0	0	0	
MIN	PlagAn29Ab71	2.58	-5.16	0	2.71	1.29	0	0	0.29	0.71	0	0	0	0	0	0	0	0	0	0	0	0	0	0	0	0	0	0	
MIN	PlagAn50Ab502	5.988	-5.988	0	2.503	1.497	0	0	0.497	0.503	0	0	0	0	0	0	0	0	0	0	0	0	0	0	0	0	0	0	
MIN	PlagHekpoort	2.994	-5.988	0	2.503	1.497	0	0	0.497	0.503	0	0	0	0	0	0	0	0	0	0	0	0	0	0	0	0	0	0	
MIN	PlagLabra	9.4	-6.8	0	2.3	1.7	0	0	0.7	0.3	0	0	0	0	0	0	0	0	0	0	0	0	0	0	0	0	0	0	
MIN	PlagStefansson	8.58	-5.16	0	2.71	1.29	0	0	0.29	0.71	0	0	0	0	0	0	0	0	0	0	0	0	0	0	0	0	0	0	
MIN	Plattnerite	1	-2	0.5	0	0	0	0	0	0	0	0	0	0	0	0	0	0	0	0	0	0	0	0	0	0	0	1	
MIN	Plumbogummite	6	-7	0	0	3	0	0	0	0	0	0	0	0	2	0	0	0	0	0	0	0	0	0	0	0	0	1	
MIN	Polyhalite	2	0	0	0	0	0	1	2	0	2	0	0	0	0	4	0	0	0	0	0	0	0	0	0	0	0	0	
MIN	Portlandite	2	-2	0	0	0	0	0	1	0	0	0	0	0	0	0	0	0	0	0	0	0	0	0	0	0	0	0	
MIN	Prehnite	6	-10	0	3	2	0	0	2	0	0	0	0	0	0	0	0	0	0	0	0	0	0	0	0	0	0	0	
MIN	Pseudowollastonite	1	-2	0	1	0	0	0	1	0	0	0	0	0	0	0	0	0	0	0	0	0	0	0	0	0	0	0	
MIN	Pyrolusite	1	-2	0.5	0	0	0	0	0	0	0	0	0	0	0	0	0	0	1	0	0	0	0	0	0	0	0	0	
MIN	Pyromorphite	0	-3	0	0	0	0	0	0	0	0	0	1	0	3	0	0	0	0	0	0	0	0	0	0	0	0	5	
MIN	Pyromorphite-OH	1	-4	0	0	0	0	0	0	0	0	0	0	0	3	0	0	0	0	0	0	0	0	0	0	0	0	5	
MIN	Pyrophyllite	4	-6	0	4	2	0	0	0	0	0	0	0	0	0	0	0	0	0	0	0	0	0	0	0	0	0	0	
MIN	Quartz	0	0	0	1	0	0	0	0	0	0	0	0	0	0	0	0	0	0	0	0	0	0	0	0	0	0	0	
MIN	Rankinite	3	-6	0	2	0	0	0	3	0	0	0	0	0	0	0	0	0	0	0	0	0	0	0	0	0	0	0	
MIN	Realgar	-2.5	3	-2.75	0	0	0	0	0	0	0	0	0	0	0	1	0	0	0	0	0	0	0	0	1	0	0	0	
MIN	Rhodochrosite	0	-1	0	0	0	0	0	0	0	0	1	0	0	0	0	0	0	1	0	0	0	0	0	0	0	0	0	
MIN	Rhodonite	1	-2	0	1	0	0	0	0	0	0	0	0	0	0	0	0	0	1	0	0	0	0	0	0	0	0	0	
MIN	Ripidolite-14A	12	-16	0	3	2	2	3	0	0	0	0	0	0	0	0	0	0	0	0	0	0	0	0	0	0	0	0	
MIN	Ripidolite-7A	12	-16	0	3	2	2	3	0	0	0	0	0	0	0	0	0	0	0	0	0	0	0	0	0	0	0	0	
MIN	Sanbornite	1	-2	0	2	0	0	0	0	0	0	0	0	0	0	0	0	0	0	0	0	0	0	0	0	0	1	0	
MIN	Sanidine_high	2	-4	0	3	1	0	0	0	0	1	0	0	0	0	0	0	0	0	0	0	0	0	0	0	0	0	0	
MIN	Saponite-Ca	4.66	-7.32	0	3.67	0.33	0	3	0.165	0	0	0	0	0	0	0	0	0	0	0	0	0	0	0	0	0	0	0	
MIN	Saponite-H	4.66	-6.99	0	3.67	0.33	0	3	0	0	0	0	0	0	0	0	0	0	0	0	0	0	0	0	0	0	0	0	
MIN	Saponite-K	4.66	-7.32	0	3.67	0.33	0	3	0	0	0.33	0	0	0	0	0	0	0	0	0	0	0	0	0	0	0	0	0	
MIN	Saponite-Mg	4.66	-7.32	0	3.67	0.33	0	3.165	0	0	0	0	0	0	0	0	0	0	0	0	0	0	0	0	0	0	0	0	
MIN	Saponite-Na	4.66	-7.32	0	3.67	0.33	0	3	0	0.33	0	0	0	0	0	0	0	0	0	0	0	0	0	0	0	0	0	0	
MIN	Scacchite	0	0	0	0	0	0	0	0	0	0	0	2	0	0	0	0	0	1	0	0	0	0	0	0	0	0	0	
MIN	Scolecite	7	-8	0	3	2	0	0	1	0	0	0	0	0	0	0	0	0	0	0	0	0	0	0	0	0	0	0	
MIN	Sellaite	0	0	0	0	0	0	1	0	0	0	0	0	2	0	0	0	0	0	0	0	0	0	0	0	0	0	0	
MIN	Sepiolite	11	-8	0	6	0	0	4	0	0	0	0	0	0	0	0	0	0	0	0	0	0	0	0	0	0	0	0	
MIN	Si	0	0	-1	1	0	0	0	0	0	0	0	0	0	0	0	0	0	0	0	0	0	0	0	0	0	0	0	
MIN	SiO2(am)	0	0	0	1	0	0	0	0	0	0	0	0	0	0	0	0	0	0	0	0	0	0	0	0	0	0	0	
MIN	Siderite	0	-1	0	0	0	1	0	0	0	0	1	0	0	0	0	0	0	0	0	0	0	0	0	0	0	0	0	
MIN	Sillimanite	3	-6	0	1	2	0	0	0	0	0	0	0	0	0	0	0	0	0	0	0	0	0	0	0	0	0	0	
MIN	Smectite-high-Fe-Mg	4.9	-7.8	0.05	3.5	1.25	0.7	1.15	0.025	0.1	0.2	0	0	0	0	0	0	0	0	0	0	0	0	0	0	0	0	0	
MIN	Smectite-low-Fe-Mg	4.42	-6.84	0.04	3.75	1.25	0.45	0.9	0.02	0.15	0.2	0	0	0	0	0	0	0	0	0	0	0	0	0	0	0	0	0	
MIN	Smithsonite	0	-1	0	0	0	0	0	0	0	0	1	0	0	0	0	0	0	0	0	0	0	1	0	0	0	0	0	
MIN	Spinel	4	-8	0	0	2	0	1	0	0	0	0	0	0	0	0	0	0	0	0	0	0	0	0	0	0	0	0	
MIN	Sr	1	-2	-0.5	0	0	0	0	0	0	0	0	0	0	0	0	0	0	0	0	0	0	0	0	0	1	0	0	
MIN	Sr(NO3)2	0	0	0	0	0	0	0	0	0	0	0	0	0	0	0	0	2	0	0	0	0	0	0	0	1	0	0	
MIN	Sr(NO3)2.4H2O	4	0	0	0	0	0	0	0	0	0	0	0	0	0	0	0	2	0	0	0	0	0	0	0	1	0	0	
MIN	Sr(OH)2	2	-2	0	0	0	0	0	0	0	0	0	0	0	0	0	0	0	0	0	0	0	0	0	0	1	0	0	
MIN	Sr2SiO4	2	-4	0	1	0	0	0	0	0	0	0	0	0	0	0	0	0	0	0	0	0	0	0	0	2	0	0	
MIN	Sr3(AsO4)2	0	-4	0	0	0	0	0	0	0	0	0	0	0	0	0	0	0	0	0	0	0	0	0	2	3	0	0	
MIN	SrCl2	0	0	0	0	0	0	0	0	0	0	0	2	0	0	0	0	0	0	0	0	0	0	0	0	1	0	0	
MIN	SrCl2.2H2O	2	0	0	0	0	0	0	0	0	0	0	2	0	0	0	0	0	0	0	0	0	0	0	0	1	0	0	
MIN	SrCl2.6H2O	6	0	0	0	0	0	0	0	0	0	0	2	0	0	0	0	0	0	0	0	0	0	0	0	1	0	0	
MIN	SrCl2.H2O	1	0	0	0	0	0	0	0	0	0	0	2	0	0	0	0	0	0	0	0	0	0	0	0	1	0	0	
MIN	SrCrO4	0	0	0	0	0	0	0	0	0	0	0	0	0	0	0	0	0	0	1	0	0	0	0	0	1	0	0	
MIN	SrF2	0	0	0	0	0	0	0	0	0	0	0	0	2	0	0	0	0	0	0	0	0	0	0	0	1	0	0	
MIN	SrHPO4	0	0	0	0	0	0	0	0	0	0	0	0	0	1	0	0	0	0	0	0	0	0	0	0	1	0	0	
MIN	SrO	1	-2	0	0	0	0	0	0	0	0	0	0	0	0	0	0	0	0	0	0	0	0	0	0	1	0	0	
MIN	SrSiO3	1	-2	0	1	0	0	0	0	0	0	0	0	0	0	0	0	0	0	0	0	0	0	0	0	1	0	0	
MIN	Starkeyite	4	0	0	0	0	0	1	0	0	0	0	0	0	0	1	0	0	0	0	0	0	0	0	0	0	0	0	
MIN	Stilbite	11.69	-8.72	0	6.82	2.18	0	0	1.019	0.136	0.006	0	0	0	0	0	0	0	0	0	0	0	0	0	0	0	0	0	
MIN	Strengite	1.5	0	0.25	0	0	1	0	0	0	0	0	0	0	1	0	0	0	0	0	0	0	0	0	0	0	0	0	
MIN	Strontianite	0	-1	0	0	0	0	0	0	0	0	1	0	0	0	0	0	0	0	0	0	0	0	0	0	1	0	0	
MIN	Sylvite	0	0	0	0	0	0	0	0	0	1	0	1	0	0	0	0	0	0	0	0	0	0	0	0	0	0	0	
MIN	Syngenite	1	0	0	0	0	0	0	1	0	2	0	0	0	0	2	0	0	0	0	0	0	0	0	0	0	0	0	
MIN	Tachyhydrite	12	0	0	0	0	0	2	1	0	0	0	6	0	0	0	0	0	0	0	0	0	0	0	0	0	0	0	
MIN	Talc	4	-6	0	4	0	0	3	0	0	0	0	0	0	0	0	0	0	0	0	0	0	0	0	0	0	0	0	
MIN	Tarapacaite	0	0	0	0	0	0	0	0	0	2	0	0	0	0	0	0	0	0	1	0	0	0	0	0	0	0	0	
MIN	Tenorite	1	-2	0	0	0	0	0	0	0	0	0	0	0	0	0	0	0	0	0	0	1	0	0	0	0	0	0	
MIN	Tephroite	2	-4	0	1	0	0	0	0	0	0	0	0	0	0	0	0	0	2	0	0	0	0	0	0	0	0	0	
MIN	Thenardite	0	0	0	0	0	0	0	0	2	0	0	0	0	0	1	0	0	0	0	0	0	0	0	0	0	0	0	
MIN	Thermonatrite	1	-1	0	0	0	0	0	0	2	0	1	0	0	0	0	0	0	0	0	0	0	0	0	0	0	0	0	
MIN	Tobermorite-11A	10.5	-10	0	6	0	0	0	5	0	0	0	0	0	0	0	0	0	0	0	0	0	0	0	0	0	0	0	
MIN	Tobermorite-14A	15.5	-10	0	6	0	0	0	5	0	0	0	0	0	0	0	0	0	0	0	0	0	0	0	0	0	0	0	
MIN	Tobermorite-9A	8	-10	0	6	0	0	0	5	0	0	0	0	0	0	0	0	0	0	0	0	0	0	0	0	0	0	0	
MIN	Todorokite	10	-14	2.5	0	0	0	0	0	0	0	0	0	0	0	0	0	0	7	0	0	0	0	0	0	0	0	0	
MIN	Tremolite	8	-14	0	8	0	0	5	2	0	0	0	0	0	0	0	0	0	0	0	0	0	0	0	0	0	0	0	
MIN	Trevorite	3	-6	0.5	0	0	2	0	0	0	0	0	0	0	0	0	0	0	0	0	1	0	0	0	0	0	0	0	
MIN	Tridymite	0	0	0	1	0	0	0	0	0	0	0	0	0	0	0	0	0	0	0	0	0	0	0	0	0	0	0	
MIN	Trona-K	2	-1	0	0	0	0	0	0	1	2	2	0	0	0	0	0	0	0	0	0	0	0	0	0	0	0	0	
MIN	Tsumebite	6	-4	0	0	0	0	0	0	0	0	0	0	0	1	0	0	0	0	0	0	1	0	0	0	0	0	2	
MIN	Vivianite	8	-2	0	0	0	3	0	0	0	0	0	0	0	2	0	0	0	0	0	0	0	0	0	0	0	0	0	
MIN	Wairakite	6	-8	0	4	2	0	0	1	0	0	0	0	0	0	0	0	0	0	0	0	0	0	0	0	0	0	0	
MIN	Whitlockite	0	-2	0	0	0	0	0	3	0	0	0	0	0	2	0	0	0	0	0	0	0	0	0	0	0	0	0	
MIN	Witherite	0	-1	0	0	0	0	0	0	0	0	1	0	0	0	0	0	0	0	0	0	0	0	0	0	0	1	0	
MIN	Wollastonite	1	-2	0	1	0	0	0	1	0	0	0	0	0	0	0	0	0	0	0	0	0	0	0	0	0	0	0	
MIN	Wustite	0.947	-1.894	0.0265	0	0	0.947	0	0	0	0	0	0	0	0	0	0	0	0	0	0	0	0	0	0	0	0	0	
MIN	Xonotlite	7	-12	0	6	0	0	0	6	0	0	0	0	0	0	0	0	0	0	0	0	0	0	0	0	0	0	0	
MIN	Zincite	1	-2	0	0	0	0	0	0	0	0	0	0	0	0	0	0	0	0	0	0	0	1	0	0	0	0	0	
MIN	Zn	1	-2	-0.5	0	0	0	0	0	0	0	0	0	0	0	0	0	0	0	0	0	0	1	0	0	0	0	0	
MIN	Zn(BO2)2	-2	-2	0	0	0	0	0	0	0	0	0	0	0	0	0	2	0	0	0	0	0	1	0	0	0	0	0	
MIN	Zn(ClO4)2.6H2O	6	0	4	0	0	0	0	0	0	0	0	2	0	0	0	0	0	0	0	0	0	1	0	0	0	0	0	
MIN	Zn(NO3)2.6H2O	6	0	0	0	0	0	0	0	0	0	0	0	0	0	0	0	2	0	0	0	0	1	0	0	0	0	0	
MIN	Zn(OH)2(beta)	2	-2	0	0	0	0	0	0	0	0	0	0	0	0	0	0	0	0	0	0	0	1	0	0	0	0	0	
MIN	Zn(OH)2(epsilon)	2	-2	0	0	0	0	0	0	0	0	0	0	0	0	0	0	0	0	0	0	0	1	0	0	0	0	0	
MIN	Zn(OH)2(gamma)	2	-2	0	0	0	0	0	0	0	0	0	0	0	0	0	0	0	0	0	0	0	1	0	0	0	0	0	
MIN	Zn2(OH)3Cl	3	-3	0	0	0	0	0	0	0	0	0	1	0	0	0	0	0	0	0	0	0	2	0	0	0	0	0	
MIN	Zn2SO4(OH)2	2	-2	0	0	0	0	0	0	0	0	0	0	0	0	1	0	0	0	0	0	0	2	0	0	0	0	0	
MIN	Zn2SiO4	2	-4	0	1	0	0	0	0	0	0	0	0	0	0	0	0	0	0	0	0	0	2	0	0	0	0	0	
MIN	Zn3(AsO4)2	0	-4	0	0	0	0	0	0	0	0	0	0	0	0	0	0	0	0	0	0	0	3	0	2	0	0	0	
MIN	Zn3O(SO4)2	1	-2	0	0	0	0	0	0	0	0	0	0	0	0	2	0	0	0	0	0	0	3	0	0	0	0	0	
MIN	Zn5(NO3)2(OH)8	8	-8	0	0	0	0	0	0	0	0	0	0	0	0	0	0	2	0	0	0	0	5	0	0	0	0	0	
MIN	ZnCO3.H2O	1	-1	0	0	0	0	0	0	0	0	1	0	0	0	0	0	0	0	0	0	0	1	0	0	0	0	0	
MIN	ZnCl2	0	0	0	0	0	0	0	0	0	0	0	2	0	0	0	0	0	0	0	0	0	1	0	0	0	0	0	
MIN	ZnCr2O4	-1	2	-1.5	0	0	0	0	0	0	0	0	0	0	0	0	0	0	0	2	0	0	1	0	0	0	0	0	
MIN	ZnF2	0	0	0	0	0	0	0	0	0	0	0	0	2	0	0	0	0	0	0	0	0	1	0	0	0	0	0	
MIN	ZnSO4	0	0	0	0	0	0	0	0	0	0	0	0	0	0	1	0	0	0	0	0	0	1	0	0	0	0	0	
MIN	ZnSO4.6H2O	6	0	0	0	0	0	0	0	0	0	0	0	0	0	1	0	0	0	0	0	0	1	0	0	0	0	0	
MIN	ZnSO4.7H2O	7	0	0	0	0	0	0	0	0	0	0	0	0	0	1	0	0	0	0	0	0	1	0	0	0	0	0	
MIN	ZnSO4.H2O	1	0	0	0	0	0	0	0	0	0	0	0	0	0	1	0	0	0	0	0	0	1	0	0	0	0	0	
MIN	Zoisite	7	-13	0	3	3	0	0	2	0	0	0	0	0	0	0	0	0	0	0	0	0	0	0	0	0	0	0	
MIN	o-Phthalic_acid	-5	8	-7.5	0	0	0	0	0	0	0	8	0	0	0	0	0	0	0	0	0	0	0	0	0	0	0	0	
MIN	Bogusite	0	-1	0	0	0	0	0	1	0	0	1	0	0	0	0	0	0	0	0	0	0	0	0	0	0	0	0	
MIN	HCl(c)	0	1	0	0	0	0	0	0	0	0	0	1	0	0	0	0	0	0	0	0	0	0	0	0	0	0	0	
MIN	HNO3(c)	0	1	0	0	0	0	0	0	0	0	0	0	0	0	0	0	1	0	0	0	0	0	0	0	0	0	0	
MIN	CSH(1.8)	7	-3.6	0	1	0	0	0	1.8	0	0	0	0	0	0	0	0	0	0	0	0	0	0	0	0	0	0	0	
