
CH4(g)	-2.8565	-2.606	-2.864	-3	-3.047	-3.027	-89.63393582234	0	4440.29675525994	29.0478933816	0	
CO2(g)	-7.81956	-7.674	-7.814	-7.982	-8.169	-8.368	41.87683954485	0	-1740.14204852581	-17.7229926959	0	
H2(g)	-3.10597	-3.013	-3.106	-3.138	-3.125	-3.079	-52.09936672097	0	2359.52736654890	16.6015796481	0	
O2(g)	-2.8812	-2.641	-2.879	-3.012	-3.065	-3.06	-76.67437063690	0	3828.93234444672	24.6329609322	0	
H2S(g)	-8.00993	-8.058	-7.96	-7.922	-7.926	-7.961	37.63799849734	0	-2225.98872774971	-15.4105293036	0	
N2(g)	-3.18743	-2.978	-3.187	-3.293	-3.325	-3.301	-76.72711536033	0	3734.51086475577	24.6580977111	0	
SiO2am	1.475988	1.659	1.476	1.323	1.194	1.083	-2.14181238156	0	664.05554528339	0.5620295123	0	
CSHtob1	-19.1991	-20.2	-19.2	-18.59	-18.28	-18.19	240.84653128714	0	-13954.21726608490	-86.1775378224	0	
CSHjen	-13.1659	-13.5	-13.16	-13.09	-13.21	-13.47	211.28870953694	0	-10574.51261009040	-76.3734723995	0	
CSHtob2	-8.0014	-8.42	-8.001	-7.747	-7.617	-7.58	100.35344189250	0	-5814.81586527851	-35.9075880599	0	
C2AH8	-13.5622	-14.2	-13.56	-13.17	-12.98	-12.93	154.48530223981	0	-8994.12914254083	-55.7212631893	0	
C2FH8	-17.602	-19.23	-17.6	-16.51	-15.83	-15.46	299.40318587869	0	-18138.64886929690	-103.5235991057	0	
hydrogarnetOH	-20.8411	-20.96	-20.84	-21.04	-21.47	-22.07	291.27318390754	0	-13720.16812376770	-107.5364633634	0	
hydrogarnetFe	-25.158	-26.37	-25.16	-24.57	-24.44	-24.65	437.20835028023	0	-23213.52271974500	-155.3909971844	0	
C4AH13	-25.4033	-26.3	-25.4	-25.06	-25.11	-25.47	407.04628084006	0	-21037.51384617330	-146.2503502912	0	
C4FH13	-29.4028	-31.28	-29.4	-28.35	-27.93	-27.97	552.15552475835	0	-30178.01620624420	-194.1184748109	0	
Ettringite	-44.9085	-48.37	-44.84	-42.39	-40.73	-39.69	529.27779378424	0	-34439.99676380200	-185.3386429266	0	
tricarboaluminate	-46.5085	-49.37	-46.48	-44.56	-43.38	-42.74	526.28378030499	0	-32615.50770370250	-187.2629896410	0	
Fe-ettringite	-44.0084	-48	-43.94	-41.17	-39.36	-38.27	674.03730619220	0	-42106.04906255390	-233.0864957767	0	
monosulfoaluminate	-29.2628	-30.1	-29.24	-28.93	-29.01	-29.39	404.92625454716	0	-21017.60772698490	-146.9719803091	0	
Fe-monosulfate	-33.2028	-35.02	-33.18	-32.17	-31.78	-31.85	549.68566248846	0	-30126.34439200350	-194.7198331591	0	
stratlingite	-19.7042	-20.54	-19.7	-19.14	-18.79	-18.61	148.95692659946	0	-9589.95690828914	-55.1593539487	0	
Fe-stratlingite	-23.702	-25.52	-23.69	-22.44	-21.61	-21.1	293.87516007432	0	-18722.47854424510	-102.9618101367	0	
hemicarboaluminate	-29.1327	-30.07	-29.12	-28.74	-28.78	-29.12	411.51063104013	0	-21526.38118104660	-148.8963270235	0	
Fe-hemicarbonate	-33.1027	-35.02	-33.1	-32.02	-31.57	-31.6	556.27003898143	0	-30644.51984410740	-196.6441798735	0	
monocarboaluminate	-31.4726	-32.66	-31.46	-30.88	-30.75	-30.95	419.54622572991	0	-22668.16504663430	-151.5423037557	0	
Fe-monocarbonate	-35.5	-37.8	-35.49	-34.1	-33.38	-33.16	554.47107047792	0	-31715.13432703260	-195.43556986521	0	
hydrotalciteOH	-56.0214	-57.86	-56.02	-54.85	-54.17	-53.87	354.74992257809	0	-22738.24127204280	-135.1853566837	0	
hydrotalciteFe	-60.002	-62.82	-59.99	-58.12	-56.97	-56.34	499.50943498605	0	-31856.37993510370	-182.9332095337	0	
CAH10	-7.50282	-8.577	-7.494	-6.594	-5.835	-5.189	19.33995799190	0	-4170.78109558596	-5.1912860770	0	
hydrogarnetSi	-29.8707	-30.65	-29.87	-29.52	-29.5	-29.72	305.23780762563	0	-16550.88410201760	-112.9922268420	0	
hydrotalciteC	-51.142	-52.38	-51.14	-50.47	-50.23	-50.31	358.37159560480	0	-21030.32915266930	-136.9894317284	0	
syngenite	-7.2003	-7.662	-7.197	-7.057	-7.153	-7.423	256.44664476696	0	-12598.84393306150	-89.4698545074	0	
Al(OH)3am	0.239427	0.05313	0.2415	0.4498	0.6704	0.8978	-48.08001615409	0	1546.32359095493	17.4322960704	0	
Fe(OH)3mic	-4.60039	-5.526	-4.598	-3.811	-3.134	-2.545	2.49263607431	0	-2892.86085047996	1.0555041728	0	
Calcite	1.84897	2.229	1.848	1.476	1.114	0.7639	49.00173153277	0	-958.45338123134	-17.7571498501	0	
Portlandite	22.79937	24.9	22.81	21.05	19.55	18.26	-11.29923807115	0	7303.68926279255	3.8839330279	0	
Anhydrite	-4.35754	-4.15	-4.359	-4.671	-5.053	-5.483	131.22651283827	0	-5228.78943438100	-47.7070807540	0	
Gypsum	-4.58147	-4.631	-4.581	-4.652	-4.809	-5.029	111.52942046684	0	-5116.92285811085	-39.9882855394	0	
Hematite	1.118973	3.287	1.123	-0.7179	-2.303	-3.684	-11.36089784168	0	6572.14422725869	-3.8633665724	0	
Brucite	16.83953	18.68	16.84	15.29	13.99	12.87	-21.32005009039	0	6781.89650685512	6.2277873260	0	
Thaumasite	-49.4078983	-52.78	-49.36	-47.07	-45.62	-44.8	596.55829677308	0	-37214.18686948530	-210.5956935526	0	