.formula	H+	e-	H2O	HCO3-	Ca+2	Si(OH)4	Al+3	Fe+2	K+	Mg+2	SO4-2	Br-	Cl-	NO3-	Na+	
SiO(OH)3-	-1	0	0	0	0	1	0	0	0	0	0	0	0	0	0	
SiO2(OH)2-2	-2	0	0	0	0	1	0	0	0	0	0	0	0	0	0	
AlSO4+	0	0	0	0	0	0	1	0	0	0	1	0	0	0	0	
Al(SO4)2-	0	0	0	0	0	0	1	0	0	0	2	0	0	0	0	
Al(OH)2+	-2	0	2	0	0	0	1	0	0	0	0	0	0	0	0	
Al(OH)4-	-4	0	4	0	0	0	1	0	0	0	0	0	0	0	0	
Al(OH)3	-3	0	3	0	0	0	1	0	0	0	0	0	0	0	0	
AlOH+2	-1	0	1	0	0	0	1	0	0	0	0	0	0	0	0	
Al(OH)6SiO-	-4	0	3	0	0	1	1	0	0	0	0	0	0	0	0	
AlSiO(OH)3+2	-1	0	0	0	0	1	1	0	0	0	0	0	0	0	0	
CaCO3	-1	0	0	1	1	0	0	0	0	0	0	0	0	0	0	
CaHCO3+	0	0	0	1	1	0	0	0	0	0	0	0	0	0	0	
CaSO4	0	0	0	0	1	0	0	0	0	0	1	0	0	0	0	
CaOH+	-1	0	1	0	1	0	0	0	0	0	0	0	0	0	0	
CaSiO(OH)3+	-1	0	0	0	1	1	0	0	0	0	0	0	0	0	0	
CaSiO2(OH)2	-2	0	0	0	1	1	0	0	0	0	0	0	0	0	0	
Fe+3	0	-1	0	0	0	0	0	1	0	0	0	0	0	0	0	
FeCO3	-1	0	0	1	0	0	0	1	0	0	0	0	0	0	0	
FeHCO3+	0	0	0	1	0	0	0	1	0	0	0	0	0	0	0	
FeHSO4+	1	0	0	0	0	0	0	1	0	0	1	0	0	0	0	
FeSO4	0	0	0	0	0	0	0	1	0	0	1	0	0	0	0	
FeCl+	0	0	0	0	0	0	0	1	0	0	0	0	1	0	0	
FeOH+	-1	0	1	0	0	0	0	1	0	0	0	0	0	0	0	
FeHSO4+2	1	-1	0	0	0	0	0	1	0	0	1	0	0	0	0	
FeSO4+	0	-1	0	0	0	0	0	1	0	0	1	0	0	0	0	
Fe(SO4)2-	0	-1	0	0	0	0	0	1	0	0	2	0	0	0	0	
Fe(OH)3	-3	-1	3	0	0	0	0	1	0	0	0	0	0	0	0	
Fe2(OH)2+4	-2	-2	2	0	0	0	0	2	0	0	0	0	0	0	0	
Fe3(OH)4+5	-4	-3	4	0	0	0	0	3	0	0	0	0	0	0	0	
FeCl+2	0	-1	0	0	0	0	0	1	0	0	0	0	1	0	0	
FeCl2+	0	-1	0	0	0	0	0	1	0	0	0	0	2	0	0	
FeCl3	0	-1	0	0	0	0	0	1	0	0	0	0	3	0	0	
FeOH+2	-1	-1	1	0	0	0	0	1	0	0	0	0	0	0	0	
Fe(OH)2+	-2	-1	2	0	0	0	0	1	0	0	0	0	0	0	0	
Fe(OH)4-	-4	-1	4	0	0	0	0	1	0	0	0	0	0	0	0	
FeSiO(OH)3+2	-1	-1	0	0	0	1	0	1	0	0	0	0	0	0	0	
KSO4-	0	0	0	0	0	0	0	0	1	0	1	0	0	0	0	
KOH	-1	0	1	0	0	0	0	0	1	0	0	0	0	0	0	
MgCO3	-1	0	0	1	0	0	0	0	0	1	0	0	0	0	0	
MgHCO3+	0	0	0	1	0	0	0	0	0	1	0	0	0	0	0	
MgOH+	-1	0	1	0	0	0	0	0	0	1	0	0	0	0	0	
MgSO4	0	0	0	0	0	0	0	0	0	1	1	0	0	0	0	
MgSiO(OH)3+	-1	0	0	0	0	1	0	0	0	1	0	0	0	0	0	
MgSiO2(OH)2	-2	0	0	0	0	1	0	0	0	1	0	0	0	0	0	
NaCO3-	-1	0	0	1	0	0	0	0	0	0	0	0	0	0	1	
NaHCO3	0	0	0	1	0	0	0	0	0	0	0	0	0	0	1	
NaSO4-	0	0	0	0	0	0	0	0	0	0	1	0	0	0	1	
NaOH	-1	0	1	0	0	0	0	0	0	0	0	0	0	0	1	
CO2	1	0	-1	1	0	0	0	0	0	0	0	0	0	0	0	
CO3-2	-1	0	0	1	0	0	0	0	0	0	0	0	0	0	0	
CH4	9	8	-3	1	0	0	0	0	0	0	0	0	0	0	0	
NH4+	10	8	-3	0	0	0	0	0	0	0	0	0	0	1	0	
NH3	9	8	-3	0	0	0	0	0	0	0	0	0	0	1	0	
N2	12	10	-6	0	0	0	0	0	0	0	0	0	0	2	0	
S2O3-2	10	8	-5	0	0	0	0	0	0	0	2	0	0	0	0	
SO3-2	2	2	-1	0	0	0	0	0	0	0	1	0	0	0	0	
HSO3-	3	2	-1	0	0	0	0	0	0	0	1	0	0	0	0	
HSO4-	1	0	0	0	0	0	0	0	0	0	1	0	0	0	0	
HS-	9	8	-4	0	0	0	0	0	0	0	1	0	0	0	0	
H2S	10	8	-4	0	0	0	0	0	0	0	1	0	0	0	0	
S-2	8	8	-4	0	0	0	0	0	0	0	1	0	0	0	0	
OH-	-1	0	1	0	0	0	0	0	0	0	0	0	0	0	0	
H2	2	2	0	0	0	0	0	0	0	0	0	0	0	0	0	
O2	-4	-4	2	0	0	0	0	0	0	0	0	0	0	0	0	
CH4 	9	8	-3	1	0	0	0	0	0	0	0	0	0	0	0	
CO2 	1	0	-1	1	0	0	0	0	0	0	0	0	0	0	0	
H2  	2	2	0	0	0	0	0	0	0	0	0	0	0	0	0	
O2  	-4	-4	2	0	0	0	0	0	0	0	0	0	0	0	0	
H2S 	10	8	-4	0	0	0	0	0	0	0	1	0	0	0	0	
N2  	12	10	-6	0	0	0	0	0	0	0	0	0	0	2	0	
SiO2 	0	0	-2	0	0	1	0	0	0	0	0	0	0	0	0	
(CaO)2(SiO2)2.4(H2O)3.2 	-4	0	0.4	0	2	2.4	0	0	0	0	0	0	0	0	0	
(CaO)1.666667(SiO2)(H2O)2.1 	-3.333	0	1.767	0	1.667	1	0	0	0	0	0	0	0	0	0	
(CaO)0.83333(SiO2)(H2O)1.3333 	-1.667	0	0.1666	0	0.8333	1	0	0	0	0	0	0	0	0	0	
Ca2Al2(OH)10:3H2O 	-10	0	13	0	2	0	2	0	0	0	0	0	0	0	0	
Ca2Fe2(OH)10:3H2O 	-10	-2	13	0	2	0	0	2	0	0	0	0	0	0	0	
Ca3Al2(OH)12 	-12	0	12	0	3	0	2	0	0	0	0	0	0	0	0	
Ca3Fe2(OH)12 	-12	-2	12	0	3	0	0	2	0	0	0	0	0	0	0	
Ca4Al2(OH)14:6H2O 	-14	0	20	0	4	0	2	0	0	0	0	0	0	0	0	
Ca4Fe2(OH)14:6H2O 	-14	-2	20	0	4	0	0	2	0	0	0	0	0	0	0	
Ca6Al2(SO4)3(OH)12:26H2O 	-12	0	38	0	6	0	2	0	0	0	3	0	0	0	0	
Ca6Al2(CO3)3(OH)12:26H2O 	-15	0	38	3	6	0	2	0	0	0	0	0	0	0	0	
Ca6Fe2(SO4)3(OH)12:26H2O 	-12	-2	38	0	6	0	0	2	0	0	3	0	0	0	0	
Ca4Al2(SO4)(OH)12:6H2O 	-12	0	18	0	4	0	2	0	0	0	1	0	0	0	0	
Ca4Fe2(SO4)(OH)12:6H2O 	-12	-2	18	0	4	0	0	2	0	0	1	0	0	0	0	
Ca2Al2SiO2(OH)10:3H2O 	-10	0	11	0	2	1	2	0	0	0	0	0	0	0	0	
Ca2Fe2SiO2(OH)10:3H2O 	-10	-2	11	0	2	1	0	2	0	0	0	0	0	0	0	
Ca4Al2(CO3)0.5(OH)13:5.5H2O 	-13.5	0	18.5	0.5	4	0	2	0	0	0	0	0	0	0	0	
Ca4Fe2(CO3)0.5(OH)13:5.5H2O 	-13.5	-2	18.5	0.5	4	0	0	2	0	0	0	0	0	0	0	
Ca4Al2(CO3)(OH)12:5H2O 	-13	0	17	1	4	0	2	0	0	0	0	0	0	0	0	
Ca4Fe2(CO3)(OH)12:5H2O 	-13	-2	17	1	4	0	0	2	0	0	0	0	0	0	0	
Mg4Al2(OH)14:3H2O 	-14	0	17	0	0	0	2	0	0	4	0	0	0	0	0	
Mg4Fe2(OH)14:3H2O 	-14	-2	17	0	0	0	0	2	0	4	0	0	0	0	0	
CaAl2(OH)8:6H2O 	-8	0	14	0	1	0	2	0	0	0	0	0	0	0	0	
Ca3Al2(SiO4)0.8(OH)8.8 	-12	0	8.8	0	3	0.8	2	0	0	0	0	0	0	0	0	
Mg4Al2(OH)12CO3:3H2O 	-13	0	15	1	0	0	2	0	0	4	0	0	0	0	0	
K2Ca(SO4)2H2O 	0	0	1	0	1	0	0	0	2	0	2	0	0	0	0	
Al(OH)3 	-3	0	3	0	0	0	1	0	0	0	0	0	0	0	0	
Fe(OH)3 	-3	-1	3	0	0	0	0	1	0	0	0	0	0	0	0	
CaCO3   	-1	0	0	1	1	0	0	0	0	0	0	0	0	0	0	
Ca(OH)2 	-2	0	2	0	1	0	0	0	0	0	0	0	0	0	0	
CaSO4   	0	0	0	0	1	0	0	0	0	0	1	0	0	0	0	
CaSO4:2H2O  	0	0	2	0	1	0	0	0	0	0	1	0	0	0	0	
Fe2O3   	-6	-2	3	0	0	0	0	2	0	0	0	0	0	0	0	
Mg(OH)2 	-2	0	2	0	0	0	0	0	0	1	0	0	0	0	0	
(CaSiO3)2(CaSO4)2(CaCO3)2(H2O)30 	-6	0	28	2	6	2	0	0	0	0	2	0	0	0	0	
