TYP	SPECIES	H2O	H+	O2(aq)	H4(SiO4)	Al+3	Fe+2	Mg+2	Ca+2	Na+	K+	CO3-2	Cl-	F-	H2(PO4)-	SO4-2	B(OH)4-	NO3-	Mn+2	CrO4-2	Ni+2	Cu+2	Zn+2	MoO4-2	AsO4-3	Sr+2	Ba+2	Pb+2	
MIN	Acmite	-2.5	-3	0.25	2	0	1	0	0	1	0	0	0	0	0	0	0	0	0	0	0	0	0	0	0	0	0	0	
MIN	Afwillite	2	-6	0	2	0	0	0	3	0	0	0	0	0	0	0	0	0	0	0	0	0	0	0	0	0	0	0	
MIN	Al(PO4)	0	-2	0	0	1	0	0	0	0	0	0	0	0	1	0	0	0	0	0	0	0	0	0	0	0	0	0	
MIN	Al(PO4)(H2O)2	2	-2	0	0	1	0	0	0	0	0	0	0	0	1	0	0	0	0	0	0	0	0	0	0	0	0	0	
MIN	Al	1.5	-3	-0.75	0	1	0	0	0	0	0	0	0	0	0	0	0	0	0	0	0	0	0	0	0	0	0	0	
MIN	Al2(OH)(PO4)2	0.5	-4	0.25	0	2	0	0	0	0	0	0	0	0	2	0	0	0	0	0	0	0	0	0	0	0	0	0	
MIN	Alabandite	0	0	-2	0	0	0	0	0	0	0	0	0	0	0	1	0	0	1	0	0	0	0	0	0	0	0	0	
MIN	Alamosite	-1	-2	0	1	0	0	0	0	0	0	0	0	0	0	0	0	0	0	0	0	0	0	0	0	0	0	1	
MIN	Albite-high	-4	-4	0	3	1	0	0	0	1	0	0	0	0	0	0	0	0	0	0	0	0	0	0	0	0	0	0	
MIN	Albite-low	-4	-4	0	3	1	0	0	0	1	0	0	0	0	0	0	0	0	0	0	0	0	0	0	0	0	0	0	
MIN	Amesite	10	-20	0	2	4	0	4	0	0	0	0	0	0	0	0	0	0	0	0	0	0	0	0	0	0	0	0	
MIN	Amesite-Fe	10	-20	0	2	4	4	0	0	0	0	0	0	0	0	0	0	0	0	0	0	0	0	0	0	0	0	0	
MIN	Analcime	-1.04	-3.96	0	2.01	0.99	0	0	0	0.99	0	0	0	0	0	0	0	0	0	0	0	0	0	0	0	0	0	0	
MIN	Anapaite	4	-4	0	0	0	1	0	2	0	0	0	0	0	2	0	0	0	0	0	0	0	0	0	0	0	0	0	
MIN	Anglesite	0	0	0	0	0	0	0	0	0	0	0	0	0	0	1	0	0	0	0	0	0	0	0	0	0	0	1	
MIN	Anhydrite	0	0	0	0	0	0	0	1	0	0	0	0	0	0	1	0	0	0	0	0	0	0	0	0	0	0	0	
MIN	Annite	0	-10	0	3	1	3	0	0	0	1	0	0	0	0	0	0	0	0	0	0	0	0	0	0	0	0	0	
MIN	Anorthite	0	-8	0	2	2	0	0	1	0	0	0	0	0	0	0	0	0	0	0	0	0	0	0	0	0	0	0	
MIN	Antarcticite	6	0	0	0	0	0	0	1	0	0	0	2	0	0	0	0	0	0	0	0	0	0	0	0	0	0	0	
MIN	Antigorite	11	-96	0	34	0	0	48	0	0	0	0	0	0	0	0	0	0	0	0	0	0	0	0	0	0	0	0	
MIN	Aragonite	0	0	0	0	0	0	0	1	0	0	1	0	0	0	0	0	0	0	0	0	0	0	0	0	0	0	0	
MIN	Arcanite	0	0	0	0	0	0	0	0	0	2	0	0	0	0	1	0	0	0	0	0	0	0	0	0	0	0	0	
MIN	Artinite	5	-2	0	0	0	0	2	0	0	0	1	0	0	0	0	0	0	0	0	0	0	0	0	0	0	0	0	
MIN	As	-1.5	3	-1.25	0	0	0	0	0	0	0	0	0	0	0	0	0	0	0	0	0	0	0	0	1	0	0	0	
MIN	As2O5	-3	6	0	0	0	0	0	0	0	0	0	0	0	0	0	0	0	0	0	0	0	0	0	2	0	0	0	
MIN	B(OH)3	-1	1	0	0	0	0	0	0	0	0	0	0	0	0	0	1	0	0	0	0	0	0	0	0	0	0	0	
MIN	B	-2.5	1	-0.75	0	0	0	0	0	0	0	0	0	0	0	0	1	0	0	0	0	0	0	0	0	0	0	0	
MIN	B2O3(am)	-5	2	0	0	0	0	0	0	0	0	0	0	0	0	0	2	0	0	0	0	0	0	0	0	0	0	0	
MIN	B2O3	-5	2	0	0	0	0	0	0	0	0	0	0	0	0	0	2	0	0	0	0	0	0	0	0	0	0	0	
MIN	Ba(OH)2(H2O)8	10	-2	0	0	0	0	0	0	0	0	0	0	0	0	0	0	0	0	0	0	0	0	0	0	0	1	0	
MIN	Ba	1	-2	-0.5	0	0	0	0	0	0	0	0	0	0	0	0	0	0	0	0	0	0	0	0	0	0	1	0	
MIN	BaCl2	0	0	0	0	0	0	0	0	0	0	0	2	0	0	0	0	0	0	0	0	0	0	0	0	0	1	0	
MIN	BaCl2(H2O)2	2	0	0	0	0	0	0	0	0	0	0	2	0	0	0	0	0	0	0	0	0	0	0	0	0	1	0	
MIN	BaCl2(H2O)	1	0	0	0	0	0	0	0	0	0	0	2	0	0	0	0	0	0	0	0	0	0	0	0	0	1	0	
MIN	BaF2	0	0	0	0	0	0	0	0	0	0	0	0	2	0	0	0	0	0	0	0	0	0	0	0	0	1	0	
MIN	BaHPO4	0	-1	0	0	0	0	0	0	0	0	0	0	0	1	0	0	0	0	0	0	0	0	0	0	0	1	0	
MIN	BaMoO4	0	0	0	0	0	0	0	0	0	0	0	0	0	0	0	0	0	0	0	0	0	0	1	0	0	1	0	
MIN	BaO	1	-2	0	0	0	0	0	0	0	0	0	0	0	0	0	0	0	0	0	0	0	0	0	0	0	1	0	
MIN	BaS	0	0	-2	0	0	0	0	0	0	0	0	0	0	0	1	0	0	0	0	0	0	0	0	0	0	1	0	
MIN	Barite	0	0	0	0	0	0	0	0	0	0	0	0	0	0	1	0	0	0	0	0	0	0	0	0	0	1	0	
MIN	Bassanite	0.5	0	0	0	0	0	0	1	0	0	0	0	0	0	1	0	0	0	0	0	0	0	0	0	0	0	0	
MIN	Beidellite-Ca	-2.64	-7.36	0	3.66	2.34	0	0	0.17	0	0	0	0	0	0	0	0	0	0	0	0	0	0	0	0	0	0	0	
MIN	Beidellite-K	-2.64	-7.36	0	3.66	2.34	0	0	0	0	0.34	0	0	0	0	0	0	0	0	0	0	0	0	0	0	0	0	0	
MIN	Beidellite-Mg	-2.64	-7.36	0	3.66	2.34	0	0.17	0	0	0	0	0	0	0	0	0	0	0	0	0	0	0	0	0	0	0	0	
MIN	Beidellite-Na	-2.64	-7.36	0	3.66	2.34	0	0	0	0.34	0	0	0	0	0	0	0	0	0	0	0	0	0	0	0	0	0	0	
MIN	Beidellite_SBld-	-2.352	-7.592	0.028	3.574	2.238	0.112	0.09	0.185	0	0.104	0	0	0	0	0	0	0	0	0	0	0	0	0	0	0	0	0	
MIN	Beidellite_SBld-1(4.576H2O)	2.224	-7.592	0.028	3.574	2.238	0.112	0.09	0.185	0	0.104	0	0	0	0	0	0	0	0	0	0	0	0	0	0	0	0	0	
MIN	Berlinite	0	-2	0	0	1	0	0	0	0	0	0	0	0	1	0	0	0	0	0	0	0	0	0	0	0	0	0	
MIN	Berthierine(FeII)	5	-10	0	1	2	2	0	0	0	0	0	0	0	0	0	0	0	0	0	0	0	0	0	0	0	0	0	
MIN	Berthierine(FeIII)	3.475	-8.31	0.0825	1.34	0.99	2.67	0	0	0	0	0	0	0	0	0	0	0	0	0	0	0	0	0	0	0	0	0	
MIN	Berthierine_ISGS	3.581	-8.49	0.0455	1.332	1.644	1.622	0.157	0	0	0	0	0	0	0	0	0	0	0	0	0	0	0	0	0	0	0	0	
MIN	Berthierine_Lorraine	2.452	-6.984	0.234	1.52	1.052	1.544	0.37	0	0	0	0	0	0	0	0	0	0	0	0	0	0	0	0	0	0	0	0	
MIN	Bischofite	6	0	0	0	0	0	1	0	0	0	0	2	0	0	0	0	0	0	0	0	0	0	0	0	0	0	0	
MIN	Bloedite	4	0	0	0	0	0	1	0	2	0	0	0	0	0	2	0	0	0	0	0	0	0	0	0	0	0	0	
MIN	Boehmite	2	-3	0	0	1	0	0	0	0	0	0	0	0	0	0	0	0	0	0	0	0	0	0	0	0	0	0	
MIN	Brucite	2	-2	0	0	0	0	1	0	0	0	0	0	0	0	0	0	0	0	0	0	0	0	0	0	0	0	0	
MIN	Brushite	2	-1	0	0	0	0	0	1	0	0	0	0	0	1	0	0	0	0	0	0	0	0	0	0	0	0	0	
MIN	Bunsenite	1	-2	0	0	0	0	0	0	0	0	0	0	0	0	0	0	0	0	0	1	0	0	0	0	0	0	0	
MIN	Burkeite	0	0	0	0	0	0	0	0	6	0	1	0	0	0	2	0	0	0	0	0	0	0	0	0	0	0	0	
MIN	C	-1	2	-1	0	0	0	0	0	0	0	1	0	0	0	0	0	0	0	0	0	0	0	0	0	0	0	0	
MIN	C2SH(alpha)	1	-4	0	1	0	0	0	2	0	0	0	0	0	0	0	0	0	0	0	0	0	0	0	0	0	0	0	
MIN	C3AH6	12	-12	0	0	2	0	0	3	0	0	0	0	0	0	0	0	0	0	0	0	0	0	0	0	0	0	0	
MIN	C3FH6	11	-10	0.5	0	0	2	0	3	0	0	0	0	0	0	0	0	0	0	0	0	0	0	0	0	0	0	0	
MIN	C4AH13	20	-14	0	0	2	0	0	4	0	0	0	0	0	0	0	0	0	0	0	0	0	0	0	0	0	0	0	
MIN	C4FH13	19	-12	0.5	0	0	2	0	4	0	0	0	0	0	0	0	0	0	0	0	0	0	0	0	0	0	0	0	
MIN	CSH0.8	0.34	-1.6	0	1	0	0	0	0.8	0	0	0	0	0	0	0	0	0	0	0	0	0	0	0	0	0	0	0	
MIN	CSH1.2	1.26	-2.4	0	1	0	0	0	1.2	0	0	0	0	0	0	0	0	0	0	0	0	0	0	0	0	0	0	0	
MIN	CSH1.6	2.18	-3.2	0	1	0	0	0	1.6	0	0	0	0	0	0	0	0	0	0	0	0	0	0	0	0	0	0	0	
MIN	Ca(HPO4)	0	-1	0	0	0	0	0	1	0	0	0	0	0	1	0	0	0	0	0	0	0	0	0	0	0	0	0	
MIN	Ca(NO3)2	0	0	0	0	0	0	0	1	0	0	0	0	0	0	0	0	2	0	0	0	0	0	0	0	0	0	0	
MIN	Ca(SO3)	0	0	-0.5	0	0	0	0	1	0	0	0	0	0	0	1	0	0	0	0	0	0	0	0	0	0	0	0	
MIN	Ca	1	-2	-0.5	0	0	0	0	1	0	0	0	0	0	0	0	0	0	0	0	0	0	0	0	0	0	0	0	
MIN	Ca2Cl2(OH)2(H2O)	3	-2	0	0	0	0	0	2	0	0	0	2	0	0	0	0	0	0	0	0	0	0	0	0	0	0	0	
MIN	Ca2Fe2O5	4	-8	0.5	0	0	2	0	2	0	0	0	0	0	0	0	0	0	0	0	0	0	0	0	0	0	0	0	
MIN	Ca3(AsO4)2:xH2O	0	0	0	0	0	0	0	3	0	0	0	0	0	0	0	0	0	0	0	0	0	0	0	2	0	0	0	
MIN	Ca3(PO4)2(alfa)	0	-4	0	0	0	0	0	3	0	0	0	0	0	2	0	0	0	0	0	0	0	0	0	0	0	0	0	
MIN	Ca3B2O6	-2	-4	0	0	0	0	0	3	0	0	0	0	0	0	0	2	0	0	0	0	0	0	0	0	0	0	0	
MIN	Ca4Al2O6(CrO4):15H2O	21	-12	0	0	2	0	0	4	0	0	0	0	0	0	0	0	0	0	1	0	0	0	0	0	0	0	0	
MIN	Ca4Cl2(OH)6:13H2O	19	-6	0	0	0	0	0	4	0	0	0	2	0	0	0	0	0	0	0	0	0	0	0	0	0	0	0	
MIN	Ca4H(PO4)3:2.5H2O	2.5	-5	0	0	0	0	0	4	0	0	0	0	0	3	0	0	0	0	0	0	0	0	0	0	0	0	0	
MIN	Ca6(Al(OH)6)2(CrO4)3(H2O)26	38	-12	0	0	2	0	0	6	0	0	0	0	0	0	0	0	0	0	3	0	0	0	0	0	0	0	0	
MIN	CaB2O4	-4	0	0	0	0	0	0	1	0	0	0	0	0	0	0	2	0	0	0	0	0	0	0	0	0	0	0	
MIN	CaB4O7	-9	2	0	0	0	0	0	1	0	0	0	0	0	0	0	4	0	0	0	0	0	0	0	0	0	0	0	
MIN	CaCO3(H2O)	1	0	0	0	0	0	0	1	0	0	1	0	0	0	0	0	0	0	0	0	0	0	0	0	0	0	0	
MIN	CaCl2(H2O)2	2	0	0	0	0	0	0	1	0	0	0	2	0	0	0	0	0	0	0	0	0	0	0	0	0	0	0	
MIN	CaCl2(H2O)4	4	0	0	0	0	0	0	1	0	0	0	2	0	0	0	0	0	0	0	0	0	0	0	0	0	0	0	
MIN	CaCl2(H2O)	1	0	0	0	0	0	0	1	0	0	0	2	0	0	0	0	0	0	0	0	0	0	0	0	0	0	0	
MIN	CaCrO4	0	0	0	0	0	0	0	1	0	0	0	0	0	0	0	0	0	0	1	0	0	0	0	0	0	0	0	
MIN	CaF2(H2O)6	6	0	0	0	0	0	0	1	0	0	0	0	2	0	0	0	0	0	0	0	0	0	0	0	0	0	0	
MIN	CaFe2O4	3	-6	0.5	0	0	2	0	1	0	0	0	0	0	0	0	0	0	0	0	0	0	0	0	0	0	0	0	
MIN	CaMg3(CO3)4	0	0	0	0	0	0	3	1	0	0	4	0	0	0	0	0	0	0	0	0	0	0	0	0	0	0	0	
MIN	CaMoO4	0	0	0	0	0	0	0	1	0	0	0	0	0	0	0	0	0	0	0	0	0	0	1	0	0	0	0	
MIN	CaO	1	-2	0	0	0	0	0	1	0	0	0	0	0	0	0	0	0	0	0	0	0	0	0	0	0	0	0	
MIN	Calcite	0	0	0	0	0	0	0	1	0	0	1	0	0	0	0	0	0	0	0	0	0	0	0	0	0	0	0	
MIN	Carnallite	6	0	0	0	0	0	1	0	0	1	0	3	0	0	0	0	0	0	0	0	0	0	0	0	0	0	0	
MIN	Celadonite-Fe	-4	-6	0	4	1	1	0	0	0	1	0	0	0	0	0	0	0	0	0	0	0	0	0	0	0	0	0	
MIN	Celadonite-Mg	-4	-6	0	4	1	0	1	0	0	1	0	0	0	0	0	0	0	0	0	0	0	0	0	0	0	0	0	
MIN	Celestite	0	0	0	0	0	0	0	0	0	0	0	0	0	0	1	0	0	0	0	0	0	0	0	0	1	0	0	
MIN	Cerussite	0	0	0	0	0	0	0	0	0	0	1	0	0	0	0	0	0	0	0	0	0	0	0	0	0	0	1	
MIN	Chabazite	2	-8	0	4	2	0	0	1	0	0	0	0	0	0	0	0	0	0	0	0	0	0	0	0	0	0	0	
MIN	Chamosite	6	-16	0	3	2	5	0	0	0	0	0	0	0	0	0	0	0	0	0	0	0	0	0	0	0	0	0	
MIN	Chloroapatite	0	-6	0	0	0	0	0	5	0	0	0	1	0	3	0	0	0	0	0	0	0	0	0	0	0	0	0	
MIN	Chromite	-1	2	-1.5	0	0	1	0	0	0	0	0	0	0	0	0	0	0	0	2	0	0	0	0	0	0	0	0	
MIN	Claudetite	-3	6	-1	0	0	0	0	0	0	0	0	0	0	0	0	0	0	0	0	0	0	0	0	2	0	0	0	
MIN	Clinochlore	6	-16	0	3	2	0	5	0	0	0	0	0	0	0	0	0	0	0	0	0	0	0	0	0	0	0	0	
MIN	Clinoptilolite_Ca	-3.7	-4.4	0	4.9	1.1	0	0	0.55	0	0	0	0	0	0	0	0	0	0	0	0	0	0	0	0	0	0	0	
MIN	Clinoptilolite_K	-4.9	-4.4	0	4.9	1.1	0	0	0	0	1.1	0	0	0	0	0	0	0	0	0	0	0	0	0	0	0	0	0	
MIN	Clinoptilolite_Na	-4.1	-4.4	0	4.9	1.1	0	0	0	1.1	0	0	0	0	0	0	0	0	0	0	0	0	0	0	0	0	0	0	
MIN	Corundum	3	-6	0	0	2	0	0	0	0	0	0	0	0	0	0	0	0	0	0	0	0	0	0	0	0	0	0	
MIN	Cotunnite	0	0	0	0	0	0	0	0	0	0	0	2	0	0	0	0	0	0	0	0	0	0	0	0	0	0	1	
MIN	Cr(OH)2(H2PO4)	-0.5	3	-0.75	0	0	0	0	0	0	0	0	0	0	1	0	0	0	0	1	0	0	0	0	0	0	0	0	
MIN	Cr(OH)2	0	2	-1	0	0	0	0	0	0	0	0	0	0	0	0	0	0	0	1	0	0	0	0	0	0	0	0	
MIN	Cr(OH)3	0.5	2	-0.75	0	0	0	0	0	0	0	0	0	0	0	0	0	0	0	1	0	0	0	0	0	0	0	0	
MIN	Cr	-1	2	-1.5	0	0	0	0	0	0	0	0	0	0	0	0	0	0	0	1	0	0	0	0	0	0	0	0	
MIN	Cr2(SO4)3	-5	10	-1.5	0	0	0	0	0	0	0	0	0	0	0	3	0	0	0	2	0	0	0	0	0	0	0	0	
MIN	Cr2O3	-2	4	-1.5	0	0	0	0	0	0	0	0	0	0	0	0	0	0	0	2	0	0	0	0	0	0	0	0	
MIN	Cr2S3	-5	10	-7.5	0	0	0	0	0	0	0	0	0	0	0	3	0	0	0	2	0	0	0	0	0	0	0	0	
MIN	CrCl2	-2	4	-1	0	0	0	0	0	0	0	0	2	0	0	0	0	0	0	1	0	0	0	0	0	0	0	0	
MIN	CrCl3	-2.5	5	-0.75	0	0	0	0	0	0	0	0	3	0	0	0	0	0	0	1	0	0	0	0	0	0	0	0	
MIN	CrO2	-1	2	-0.5	0	0	0	0	0	0	0	0	0	0	0	0	0	0	0	1	0	0	0	0	0	0	0	0	
MIN	CrO3	-1	2	0	0	0	0	0	0	0	0	0	0	0	0	0	0	0	0	1	0	0	0	0	0	0	0	0	
MIN	CrPO4(green)	-2.5	3	-0.75	0	0	0	0	0	0	0	0	0	0	1	0	0	0	0	1	0	0	0	0	0	0	0	0	
MIN	CrPO4(purple)	-2.5	3	-0.75	0	0	0	0	0	0	0	0	0	0	1	0	0	0	0	1	0	0	0	0	0	0	0	0	
MIN	CrS	-2	4	-3	0	0	0	0	0	0	0	0	0	0	0	1	0	0	0	1	0	0	0	0	0	0	0	0	
MIN	Cristobalite	-2	0	0	1	0	0	0	0	0	0	0	0	0	0	0	0	0	0	0	0	0	0	0	0	0	0	0	
MIN	Crocoite	0	0	0	0	0	0	0	0	0	0	0	0	0	0	0	0	0	0	1	0	0	0	0	0	0	0	1	
MIN	Cronstedtite-Th	4	-8	0.5	1	0	4	0	0	0	0	0	0	0	0	0	0	0	0	0	0	0	0	0	0	0	0	0	
MIN	Cu	1	-2	-0.5	0	0	0	0	0	0	0	0	0	0	0	0	0	0	0	0	0	1	0	0	0	0	0	0	
MIN	Cu3(AsO4)2	0	0	0	0	0	0	0	0	0	0	0	0	0	0	0	0	0	0	0	0	3	0	0	2	0	0	0	
MIN	Dawsonite	2	-2	0	0	1	0	0	0	1	0	1	0	0	0	0	0	0	0	0	0	0	0	0	0	0	0	0	
MIN	Diaspore	2	-3	0	0	1	0	0	0	0	0	0	0	0	0	0	0	0	0	0	0	0	0	0	0	0	0	0	
MIN	Dickite	1	-6	0	2	2	0	0	0	0	0	0	0	0	0	0	0	0	0	0	0	0	0	0	0	0	0	0	
MIN	Dolomite	0	0	0	0	0	0	1	1	0	0	2	0	0	0	0	0	0	0	0	0	0	0	0	0	0	0	0	
MIN	Eastonite	4	-14	0	2	3	0	2	0	0	1	0	0	0	0	0	0	0	0	0	0	0	0	0	0	0	0	0	
MIN	Epsonite	7	0	0	0	0	0	1	0	0	0	0	0	0	0	1	0	0	0	0	0	0	0	0	0	0	0	0	
MIN	Ettringite	38	-12	0	0	2	0	0	6	0	0	0	0	0	0	3	0	0	0	0	0	0	0	0	0	0	0	0	
MIN	Ettringite-Fe	37	-10	0.5	0	0	2	0	6	0	0	0	0	0	0	3	0	0	0	0	0	0	0	0	0	0	0	0	
MIN	Fayalite	0	-4	0	1	0	2	0	0	0	0	0	0	0	0	0	0	0	0	0	0	0	0	0	0	0	0	0	
MIN	Fe(OH)2	2	-2	0	0	0	1	0	0	0	0	0	0	0	0	0	0	0	0	0	0	0	0	0	0	0	0	0	
MIN	Fe(PO4)	-0.5	-1	0.25	0	0	1	0	0	0	0	0	0	0	1	0	0	0	0	0	0	0	0	0	0	0	0	0	
MIN	Fe	1	-2	-0.5	0	0	1	0	0	0	0	0	0	0	0	0	0	0	0	0	0	0	0	0	0	0	0	0	
MIN	Fe5(OH)(PO4)3	1	-7	0	0	0	5	0	0	0	0	0	0	0	3	0	0	0	0	0	0	0	0	0	0	0	0	0	
MIN	FeAl2O4	4	-8	0	0	2	1	0	0	0	0	0	0	0	0	0	0	0	0	0	0	0	0	0	0	0	0	0	
MIN	FeMoO4	0	0	0	0	0	1	0	0	0	0	0	0	0	0	0	0	0	0	0	0	0	0	1	0	0	0	0	
MIN	FeO	1	-2	0	0	0	1	0	0	0	0	0	0	0	0	0	0	0	0	0	0	0	0	0	0	0	0	0	
MIN	FeS(am)	0	0	-2	0	0	1	0	0	0	0	0	0	0	0	1	0	0	0	0	0	0	0	0	0	0	0	0	
MIN	Ferrihydrite(am)	2.5	-2	0.25	0	0	1	0	0	0	0	0	0	0	0	0	0	0	0	0	0	0	0	0	0	0	0	0	
MIN	Ferrosilite	-1	-2	0	1	0	1	0	0	0	0	0	0	0	0	0	0	0	0	0	0	0	0	0	0	0	0	0	
MIN	Ferryhydrite	2.5	-2	0.25	0	0	1	0	0	0	0	0	0	0	0	0	0	0	0	0	0	0	0	0	0	0	0	0	
MIN	Fluorapatite	0	-6	0	0	0	0	0	5	0	0	0	0	1	3	0	0	0	0	0	0	0	0	0	0	0	0	0	
MIN	Fluorite	0	0	0	0	0	0	0	1	0	0	0	0	2	0	0	0	0	0	0	0	0	0	0	0	0	0	0	
MIN	Foshagite	-0.5	-8	0	3	0	0	0	4	0	0	0	0	0	0	0	0	0	0	0	0	0	0	0	0	0	0	0	
MIN	Friedel-salt	16	-12	0	0	2	0	0	4	0	0	0	2	0	0	0	0	0	0	0	0	0	0	0	0	0	0	0	
MIN	Galena	0	0	-2	0	0	0	0	0	0	0	0	0	0	0	1	0	0	0	0	0	0	0	0	0	0	0	1	
MIN	Gaylussite	5	0	0	0	0	0	0	1	2	0	2	0	0	0	0	0	0	0	0	0	0	0	0	0	0	0	0	
MIN	Gibbsite	3	-3	0	0	1	0	0	0	0	0	0	0	0	0	0	0	0	0	0	0	0	0	0	0	0	0	0	
MIN	Gismondine	9	-16	0	4	4	0	0	2	0	0	0	0	0	0	0	0	0	0	0	0	0	0	0	0	0	0	0	
MIN	Glaserite	0	0	0	0	0	0	0	0	2	6	0	0	0	0	4	0	0	0	0	0	0	0	0	0	0	0	0	
MIN	Glauberite	0	0	0	0	0	0	0	1	2	0	0	0	0	0	2	0	0	0	0	0	0	0	0	0	0	0	0	
MIN	Glauconite	-3.625	-5.75	0.3125	3.75	0.5	1.5	0.25	0	0	0.75	0	0	0	0	0	0	0	0	0	0	0	0	0	0	0	0	0	
MIN	Goethite	1.5	-2	0.25	0	0	1	0	0	0	0	0	0	0	0	0	0	0	0	0	0	0	0	0	0	0	0	0	
MIN	Greenalite	1	-6	0	2	0	3	0	0	0	0	0	0	0	0	0	0	0	0	0	0	0	0	0	0	0	0	0	
MIN	Gypsum	2	0	0	0	0	0	0	1	0	0	0	0	0	0	1	0	0	0	0	0	0	0	0	0	0	0	0	
MIN	Gyrolite	-1.5	-4	0	3	0	0	0	2	0	0	0	0	0	0	0	0	0	0	0	0	0	0	0	0	0	0	0	
MIN	H2MoO4	0	2	0	0	0	0	0	0	0	0	0	0	0	0	0	0	0	0	0	0	0	0	1	0	0	0	0	
MIN	HBeidellite-Ca	1.81	-7.36	0	3.66	2.34	0	0	0.17	0	0	0	0	0	0	0	0	0	0	0	0	0	0	0	0	0	0	0	
MIN	HBeidellite-K	-0.68	-7.36	0	3.66	2.34	0	0	0	0	0.34	0	0	0	0	0	0	0	0	0	0	0	0	0	0	0	0	0	
MIN	HBeidellite-Mg	1.97	-7.36	0	3.66	2.34	0	0.17	0	0	0	0	0	0	0	0	0	0	0	0	0	0	0	0	0	0	0	0	
MIN	HBeidellite-Na	1.2	-7.36	0	3.66	2.34	0	0	0	0.34	0	0	0	0	0	0	0	0	0	0	0	0	0	0	0	0	0	0	
MIN	HMontmorillonite-BCCa	0.45	-6	0	4	1.66	0	0.34	0.17	0	0	0	0	0	0	0	0	0	0	0	0	0	0	0	0	0	0	0	
MIN	HMontmorillonite-BCK	-2.04	-6	0	4	1.66	0	0.34	0	0	0.34	0	0	0	0	0	0	0	0	0	0	0	0	0	0	0	0	0	
MIN	HMontmorillonite-BCMg	0.61	-6	0	4	1.66	0	0.51	0	0	0	0	0	0	0	0	0	0	0	0	0	0	0	0	0	0	0	0	
MIN	HMontmorillonite-BCNa	-0.16	-6	0	4	1.66	0	0.34	0	0.34	0	0	0	0	0	0	0	0	0	0	0	0	0	0	0	0	0	0	
MIN	HMontmorillonite-HCCa	0.45	-6	0	4	1.4	0	0.6	0.3	0	0	0	0	0	0	0	0	0	0	0	0	0	0	0	0	0	0	0	
MIN	HMontmorillonite-HCK	-2.04	-6	0	4	1.4	0	0.6	0	0	0.6	0	0	0	0	0	0	0	0	0	0	0	0	0	0	0	0	0	
MIN	HMontmorillonite-HCMg	0.61	-6	0	4	1.4	0	0.9	0	0	0	0	0	0	0	0	0	0	0	0	0	0	0	0	0	0	0	0	
MIN	HMontmorillonite-HCNa	-0.16	-6	0	4	1.4	0	0.6	0	0.6	0	0	0	0	0	0	0	0	0	0	0	0	0	0	0	0	0	0	
MIN	HNontronite-Ca	0.975	-5.69	0.4175	3.66	0.67	1.67	0	0.17	0	0	0	0	0	0	0	0	0	0	0	0	0	0	0	0	0	0	0	
MIN	HNontronite-K	-1.515	-5.69	0.4175	3.66	0.67	1.67	0	0	0	0.34	0	0	0	0	0	0	0	0	0	0	0	0	0	0	0	0	0	
MIN	HNontronite-Mg	1.135	-5.69	0.4175	3.66	0.67	1.67	0.17	0	0	0	0	0	0	0	0	0	0	0	0	0	0	0	0	0	0	0	0	
MIN	HNontronite-Na	0.365	-5.69	0.4175	3.66	0.67	1.67	0	0	0.34	0	0	0	0	0	0	0	0	0	0	0	0	0	0	0	0	0	0	
MIN	HSaponite-Ca	1.81	-7.36	0	3.66	0.34	0	3	0.17	0	0	0	0	0	0	0	0	0	0	0	0	0	0	0	0	0	0	0	
MIN	HSaponite-FeCa	1.81	-7.36	0	3.66	0.34	1	2	0.17	0	0	0	0	0	0	0	0	0	0	0	0	0	0	0	0	0	0	0	
MIN	HSaponite-FeK	-0.68	-7.36	0	3.66	0.34	1	2	0	0	0.34	0	0	0	0	0	0	0	0	0	0	0	0	0	0	0	0	0	
MIN	HSaponite-FeMg	1.97	-7.36	0	3.66	0.34	1	2.17	0	0	0	0	0	0	0	0	0	0	0	0	0	0	0	0	0	0	0	0	
MIN	HSaponite-FeNa	1.2	-7.36	0	3.66	0.34	1	2	0	0.34	0	0	0	0	0	0	0	0	0	0	0	0	0	0	0	0	0	0	
MIN	HSaponite-K	-0.68	-7.36	0	3.66	0.34	0	3	0	0	0.34	0	0	0	0	0	0	0	0	0	0	0	0	0	0	0	0	0	
MIN	HSaponite-Mg	1.97	-7.36	0	3.66	0.34	0	3.17	0	0	0	0	0	0	0	0	0	0	0	0	0	0	0	0	0	0	0	0	
MIN	HSaponite-Na	1.2	-7.36	0	3.66	0.34	0	3	0	0.34	0	0	0	0	0	0	0	0	0	0	0	0	0	0	0	0	0	0	
MIN	HVermiculite-Ca	3.89	-9.44	0	3.14	0.86	0	3	0.43	0	0	0	0	0	0	0	0	0	0	0	0	0	0	0	0	0	0	0	
MIN	HVermiculite-K	1.4	-9.44	0	3.14	0.86	0	3	0	0	0.86	0	0	0	0	0	0	0	0	0	0	0	0	0	0	0	0	0	
MIN	HVermiculite-Mg	4.05	-9.44	0	3.14	0.86	0	3.43	0	0	0	0	0	0	0	0	0	0	0	0	0	0	0	0	0	0	0	0	
MIN	HVermiculite-Na	3.28	-9.44	0	3.14	0.86	0	3	0	0.86	0	0	0	0	0	0	0	0	0	0	0	0	0	0	0	0	0	0	
MIN	Halite	0	0	0	0	0	0	0	0	1	0	0	1	0	0	0	0	0	0	0	0	0	0	0	0	0	0	0	
MIN	Halloysite	1	-6	0	2	2	0	0	0	0	0	0	0	0	0	0	0	0	0	0	0	0	0	0	0	0	0	0	
MIN	Hausmannite	3	-6	0.5	0	0	0	0	0	0	0	0	0	0	0	0	0	0	3	0	0	0	0	0	0	0	0	0	
MIN	Heazlewoodite	1	-2	-4.5	0	0	0	0	0	0	0	0	0	0	0	2	0	0	0	0	3	0	0	0	0	0	0	0	
MIN	Hematite	2	-4	0.5	0	0	2	0	0	0	0	0	0	0	0	0	0	0	0	0	0	0	0	0	0	0	0	0	
MIN	Hemicarboaluminate	35	-26	0	0	4	0	0	8	0	0	1	0	0	0	0	0	0	0	0	0	0	0	0	0	0	0	0	
MIN	Heulandite_Ca	-3.27	-8.56	0	6.86	2.14	0	0	1.07	0	0	0	0	0	0	0	0	0	0	0	0	0	0	0	0	0	0	0	
MIN	Heulandite_Na	-3.27	-8.56	0	6.86	2.14	0	0	0	2.14	0	0	0	0	0	0	0	0	0	0	0	0	0	0	0	0	0	0	
MIN	Hexahydrite	6	0	0	0	0	0	1	0	0	0	0	0	0	0	1	0	0	0	0	0	0	0	0	0	0	0	0	
MIN	Hillebrandite	1.17	-4	0	1	0	0	0	2	0	0	0	0	0	0	0	0	0	0	0	0	0	0	0	0	0	0	0	
MIN	Hydrocerussite	2	-2	0	0	0	0	0	0	0	0	2	0	0	0	0	0	0	0	0	0	0	0	0	0	0	0	3	
MIN	Hydrophilite	0	0	0	0	0	0	0	1	0	0	0	2	0	0	0	0	0	0	0	0	0	0	0	0	0	0	0	
MIN	Hydrotalcite	17	-14	0	0	2	0	4	0	0	0	0	0	0	0	0	0	0	0	0	0	0	0	0	0	0	0	0	
MIN	Hydrotalcite-CO3	14	-12	0	0	2	0	4	0	0	0	1	0	0	0	0	0	0	0	0	0	0	0	0	0	0	0	0	
MIN	Hydroxyapatite	1	-7	0	0	0	0	0	5	0	0	0	0	0	3	0	0	0	0	0	0	0	0	0	0	0	0	0	
MIN	Illite-Al	-0.6	-9.4	0	3.15	2.85	0	0	0	0	0.85	0	0	0	0	0	0	0	0	0	0	0	0	0	0	0	0	0	
MIN	Illite-FeII	-1.6	-8.4	0	3.4	2.35	0.25	0	0	0	0.85	0	0	0	0	0	0	0	0	0	0	0	0	0	0	0	0	0	
MIN	Illite-Mg	-1.6	-8.4	0	3.4	2.35	0	0.25	0	0	0.85	0	0	0	0	0	0	0	0	0	0	0	0	0	0	0	0	0	
MIN	Illite-Smec_ISCz-1(2.996H2O)	0.711	-7.69	0.0125	3.565	2.152	0.067	0.218	0	0.134	0.53	0	0	0	0	0	0	0	0	0	0	0	0	0	0	0	0	0	
MIN	Illite/smectiteISCz-	-2.253	-7.73	0.0085	3.559	2.169	0.045	0.255	0.092	0	0.439	0	0	0	0	0	0	0	0	0	0	0	0	0	0	0	0	0	
MIN	Illite_Imt-2	-1.694	-8.16	0.073	3.387	2.04	0.376	0.241	0	0.044	0.762	0	0	0	0	0	0	0	0	0	0	0	0	0	0	0	0	0	
MIN	Jaffeite	5	-12	0	2	0	0	0	6	0	0	0	0	0	0	0	0	0	0	0	0	0	0	0	0	0	0	0	
MIN	Jennite	8	-18	0	6	0	0	0	9	0	0	0	0	0	0	0	0	0	0	0	0	0	0	0	0	0	0	0	
MIN	K(NO3)	0	0	0	0	0	0	0	0	0	1	0	0	0	0	0	0	1	0	0	0	0	0	0	0	0	0	0	
MIN	K(OH)	1	-1	0	0	0	0	0	0	0	1	0	0	0	0	0	0	0	0	0	0	0	0	0	0	0	0	0	
MIN	K	0.5	-1	-0.25	0	0	0	0	0	0	1	0	0	0	0	0	0	0	0	0	0	0	0	0	0	0	0	0	
MIN	K-carbonate	1.5	0	0	0	0	0	0	0	0	2	1	0	0	0	0	0	0	0	0	0	0	0	0	0	0	0	0	
MIN	K-trona	2	1	0	0	0	0	0	0	1	2	2	0	0	0	0	0	0	0	0	0	0	0	0	0	0	0	0	
MIN	K2CO3	0	0	0	0	0	0	0	0	0	2	1	0	0	0	0	0	0	0	0	0	0	0	0	0	0	0	0	
MIN	K2O	1	-2	0	0	0	0	0	0	0	2	0	0	0	0	0	0	0	0	0	0	0	0	0	0	0	0	0	
MIN	KAl(SO4)2	0	0	0	0	1	0	0	0	0	1	0	0	0	0	2	0	0	0	0	0	0	0	0	0	0	0	0	
MIN	KAl(SO4)2:12H2O	12	0	0	0	1	0	0	0	0	1	0	0	0	0	2	0	0	0	0	0	0	0	0	0	0	0	0	
MIN	KFe(CrO4)2(H2O)2	1.5	1	0.25	0	0	1	0	0	0	1	0	0	0	0	0	0	0	0	2	0	0	0	0	0	0	0	0	
MIN	KFe3(CrO4)2(OH)6	4.5	-3	0.75	0	0	3	0	0	0	1	0	0	0	0	0	0	0	0	2	0	0	0	0	0	0	0	0	
MIN	KH2PO4	0	0	0	0	0	0	0	0	0	1	0	0	0	1	0	0	0	0	0	0	0	0	0	0	0	0	0	
MIN	Kainite	3	0	0	0	0	0	1	0	0	1	0	1	0	0	1	0	0	0	0	0	0	0	0	0	0	0	0	
MIN	Kalicinite	0	1	0	0	0	0	0	0	0	1	1	0	0	0	0	0	0	0	0	0	0	0	0	0	0	0	0	
MIN	Kaolinite	1	-6	0	2	2	0	0	0	0	0	0	0	0	0	0	0	0	0	0	0	0	0	0	0	0	0	0	
MIN	Katoite	8	-12	0	1	2	0	0	3	0	0	0	0	0	0	0	0	0	0	0	0	0	0	0	0	0	0	0	
MIN	Lanarkite	1	-2	0	0	0	0	0	0	0	0	0	0	0	0	1	0	0	0	0	0	0	0	0	0	0	0	2	
MIN	Lansfordite	5	0	0	0	0	0	1	0	0	0	1	0	0	0	0	0	0	0	0	0	0	0	0	0	0	0	0	
MIN	Laumontite	0	-8	0	4	2	0	0	1	0	0	0	0	0	0	0	0	0	0	0	0	0	0	0	0	0	0	0	
MIN	Laurionite	1	-1	0	0	0	0	0	0	0	0	0	1	0	0	0	0	0	0	0	0	0	0	0	0	0	0	1	
MIN	Lawrencite	0	0	0	0	0	1	0	0	0	0	0	2	0	0	0	0	0	0	0	0	0	0	0	0	0	0	0	
MIN	Leonhardtite	4	0	0	0	0	0	1	0	0	0	0	0	0	0	1	0	0	0	0	0	0	0	0	0	0	0	0	
MIN	Leonite	4	0	0	0	0	0	1	0	0	2	0	0	0	0	2	0	0	0	0	0	0	0	0	0	0	0	0	
MIN	Lepidocrocite	1.5	-2	0.25	0	0	1	0	0	0	0	0	0	0	0	0	0	0	0	0	0	0	0	0	0	0	0	0	
MIN	Litharge	1	-2	0	0	0	0	0	0	0	0	0	0	0	0	0	0	0	0	0	0	0	0	0	0	0	0	1	
MIN	Lizardite	1	-6	0	2	0	0	3	0	0	0	0	0	0	0	0	0	0	0	0	0	0	0	0	0	0	0	0	
MIN	Mackinawite	0	0	-2	0	0	1	0	0	0	0	0	0	0	0	1	0	0	0	0	0	0	0	0	0	0	0	0	
MIN	Maghemite(disord)	2	-4	0.5	0	0	2	0	0	0	0	0	0	0	0	0	0	0	0	0	0	0	0	0	0	0	0	0	
MIN	Maghemite(ord)	2	-4	0.5	0	0	2	0	0	0	0	0	0	0	0	0	0	0	0	0	0	0	0	0	0	0	0	0	
MIN	Magnesite(nat)	0	0	0	0	0	0	1	0	0	0	1	0	0	0	0	0	0	0	0	0	0	0	0	0	0	0	0	
MIN	Magnesite(syn)	0	0	0	0	0	0	1	0	0	0	1	0	0	0	0	0	0	0	0	0	0	0	0	0	0	0	0	
MIN	Magnetite	3	-6	0.5	0	0	3	0	0	0	0	0	0	0	0	0	0	0	0	0	0	0	0	0	0	0	0	0	
MIN	Manganite	1.5	-2	0.25	0	0	0	0	0	0	0	0	0	0	0	0	0	0	1	0	0	0	0	0	0	0	0	0	
MIN	Margarite	4	-14	0	2	4	0	0	1	0	0	0	0	0	0	0	0	0	0	0	0	0	0	0	0	0	0	0	
MIN	Massicot	1	-2	0	0	0	0	0	0	0	0	0	0	0	0	0	0	0	0	0	0	0	0	0	0	0	0	1	
MIN	Melanterite	7	0	0	0	0	1	0	0	0	0	0	0	0	0	1	0	0	0	0	0	0	0	0	0	0	0	0	
MIN	Mercallite	0	1	0	0	0	0	0	0	0	1	0	0	0	0	1	0	0	0	0	0	0	0	0	0	0	0	0	
MIN	Merlinoite_K	-0.15	-4.16	0	1.96	1.04	0	0	0	0	1.04	0	0	0	0	0	0	0	0	0	0	0	0	0	0	0	0	0	
MIN	Merlinoite_Na	0.43	-4.16	0	1.96	1.04	0	0	0	1.04	0	0	0	0	0	0	0	0	0	0	0	0	0	0	0	0	0	0	
MIN	Mg(HPO4)(H2O)3	3	-1	0	0	0	0	1	0	0	0	0	0	0	1	0	0	0	0	0	0	0	0	0	0	0	0	0	
MIN	Mg(NO3)2	0	0	0	0	0	0	1	0	0	0	0	0	0	0	0	0	2	0	0	0	0	0	0	0	0	0	0	
MIN	Mg(NO3)2(H2O)6	6	0	0	0	0	0	1	0	0	0	0	0	0	0	0	0	2	0	0	0	0	0	0	0	0	0	0	
MIN	Mg(SO4)	0	0	0	0	0	0	1	0	0	0	0	0	0	0	1	0	0	0	0	0	0	0	0	0	0	0	0	
MIN	Mg(SO4)(H2O)	1	0	0	0	0	0	1	0	0	0	0	0	0	0	1	0	0	0	0	0	0	0	0	0	0	0	0	
MIN	Mg	1	-2	-0.5	0	0	0	1	0	0	0	0	0	0	0	0	0	0	0	0	0	0	0	0	0	0	0	0	
MIN	Mg-oxychlorur	7	-3	0	0	0	0	2	0	0	0	0	1	0	0	0	0	0	0	0	0	0	0	0	0	0	0	0	
MIN	Mg3(PO4)2	0	-4	0	0	0	0	3	0	0	0	0	0	0	2	0	0	0	0	0	0	0	0	0	0	0	0	0	
MIN	Mg3(PO4)2:22H2O	22	-4	0	0	0	0	3	0	0	0	0	0	0	2	0	0	0	0	0	0	0	0	0	0	0	0	0	
MIN	Mg3(PO4)2(H2O)8	8	-4	0	0	0	0	3	0	0	0	0	0	0	2	0	0	0	0	0	0	0	0	0	0	0	0	0	
MIN	Mg5(CO3)4(OH)2(H2O)4	6	-2	0	0	0	0	5	0	0	0	4	0	0	0	0	0	0	0	0	0	0	0	0	0	0	0	0	
MIN	MgCl2	0	0	0	0	0	0	1	0	0	0	0	2	0	0	0	0	0	0	0	0	0	0	0	0	0	0	0	
MIN	MgCl2(H2O)2	2	0	0	0	0	0	1	0	0	0	0	2	0	0	0	0	0	0	0	0	0	0	0	0	0	0	0	
MIN	MgCl2(H2O)4	4	0	0	0	0	0	1	0	0	0	0	2	0	0	0	0	0	0	0	0	0	0	0	0	0	0	0	
MIN	MgCl2(H2O)	1	0	0	0	0	0	1	0	0	0	0	2	0	0	0	0	0	0	0	0	0	0	0	0	0	0	0	
MIN	MgCrO4	0	0	0	0	0	0	1	0	0	0	0	0	0	0	0	0	0	0	1	0	0	0	0	0	0	0	0	
MIN	MgF2	0	0	0	0	0	0	1	0	0	0	0	0	2	0	0	0	0	0	0	0	0	0	0	0	0	0	0	
MIN	MgMoO4	0	0	0	0	0	0	1	0	0	0	0	0	0	0	0	0	0	0	0	0	0	0	1	0	0	0	0	
MIN	Microcline	-4	-4	0	3	1	0	0	0	0	1	0	0	0	0	0	0	0	0	0	0	0	0	0	0	0	0	0	
MIN	Millerite	0	0	-2	0	0	0	0	0	0	0	0	0	0	0	1	0	0	0	0	1	0	0	0	0	0	0	0	
MIN	Minium	3	-6	0.5	0	0	0	0	0	0	0	0	0	0	0	0	0	0	0	0	0	0	0	0	0	0	0	3	
MIN	Minnesotaite	-4	-6	0	4	0	3	0	0	0	0	0	0	0	0	0	0	0	0	0	0	0	0	0	0	0	0	0	
MIN	Mirabilite	10	0	0	0	0	0	0	0	2	0	0	0	0	0	1	0	0	0	0	0	0	0	0	0	0	0	0	
MIN	Mn(H2SiO4)	0	-2	0	1	0	0	0	0	0	0	0	0	0	0	0	0	0	1	0	0	0	0	0	0	0	0	0	
MIN	Mn(HPO4)	0	-1	0	0	0	0	0	0	0	0	0	0	0	1	0	0	0	1	0	0	0	0	0	0	0	0	0	
MIN	Mn(SO4)	0	0	0	0	0	0	0	0	0	0	0	0	0	0	1	0	0	1	0	0	0	0	0	0	0	0	0	
MIN	!Mn	1	-2	-0.5	0	0	0	0	0	0	0	0	0	0	0	0	0	0	1	0	0	0	0	0	0	0	0	0	
MIN	Mn3(PO4)2	0	-4	0	0	0	0	0	0	0	0	0	0	0	2	0	0	0	3	0	0	0	0	0	0	0	0	0	
MIN	Mn3(PO4)2(H2O)3	3	-4	0	0	0	0	0	0	0	0	0	0	0	2	0	0	0	3	0	0	0	0	0	0	0	0	0	
MIN	MnCl2(H2O)2	2	0	0	0	0	0	0	0	0	0	0	2	0	0	0	0	0	1	0	0	0	0	0	0	0	0	0	
MIN	MnCl2(H2O)4	4	0	0	0	0	0	0	0	0	0	0	2	0	0	0	0	0	1	0	0	0	0	0	0	0	0	0	
MIN	MnCl2(H2O)	1	0	0	0	0	0	0	0	0	0	0	2	0	0	0	0	0	1	0	0	0	0	0	0	0	0	0	
MIN	MnO	1	-2	0	0	0	0	0	0	0	0	0	0	0	0	0	0	0	1	0	0	0	0	0	0	0	0	0	
MIN	MnO2	1	-2	0.5	0	0	0	0	0	0	0	0	0	0	0	0	0	0	1	0	0	0	0	0	0	0	0	0	
MIN	Mo	-1	2	-1.5	0	0	0	0	0	0	0	0	0	0	0	0	0	0	0	0	0	0	0	1	0	0	0	0	
MIN	Mo3O8	-3	6	-0.5	0	0	0	0	0	0	0	0	0	0	0	0	0	0	0	0	0	0	0	3	0	0	0	0	
MIN	MoO2	-1	2	-0.5	0	0	0	0	0	0	0	0	0	0	0	0	0	0	0	0	0	0	0	1	0	0	0	0	
MIN	MoO3	-1	2	0	0	0	0	0	0	0	0	0	0	0	0	0	0	0	0	0	0	0	0	1	0	0	0	0	
MIN	MoS2	-3	6	-4.5	0	0	0	0	0	0	0	0	0	0	0	2	0	0	0	0	0	0	0	1	0	0	0	0	
MIN	MoS3	-4	8	-6	0	0	0	0	0	0	0	0	0	0	0	3	0	0	0	0	0	0	0	1	0	0	0	0	
MIN	Monocarboaluminate	16.68	-12	0	0	2	0	0	4	0	0	1	0	0	0	0	0	0	0	0	0	0	0	0	0	0	0	0	
MIN	Monosulfate-Fe	17	-10	0.5	0	0	2	0	4	0	0	0	0	0	0	1	0	0	0	0	0	0	0	0	0	0	0	0	
MIN	Monosulfoaluminate	18	-12	0	0	2	0	0	4	0	0	0	0	0	0	1	0	0	0	0	0	0	0	0	0	0	0	0	
MIN	Montmorillonite-BCCa	-4	-6	0	4	1.66	0	0.34	0.17	0	0	0	0	0	0	0	0	0	0	0	0	0	0	0	0	0	0	0	
MIN	Montmorillonite-BCK	-4	-6	0	4	1.66	0	0.34	0	0	0.34	0	0	0	0	0	0	0	0	0	0	0	0	0	0	0	0	0	
MIN	Montmorillonite-BCMg	-4	-6	0	4	1.66	0	0.51	0	0	0	0	0	0	0	0	0	0	0	0	0	0	0	0	0	0	0	0	
MIN	Montmorillonite-BCNa	-4	-6	0	4	1.66	0	0.34	0	0.34	0	0	0	0	0	0	0	0	0	0	0	0	0	0	0	0	0	0	
MIN	Montmorillonite-HCCa	-4	-6	0	4	1.4	0	0.6	0.3	0	0	0	0	0	0	0	0	0	0	0	0	0	0	0	0	0	0	0	
MIN	Montmorillonite-HCK	-4	-6	0	4	1.4	0	0.6	0	0	0.6	0	0	0	0	0	0	0	0	0	0	0	0	0	0	0	0	0	
MIN	Montmorillonite-HCMg	-4	-6	0	4	1.4	0	0.9	0	0	0	0	0	0	0	0	0	0	0	0	0	0	0	0	0	0	0	0	
MIN	Montmorillonite-HCNa	-4	-6	0	4	1.4	0	0.6	0	0.6	0	0	0	0	0	0	0	0	0	0	0	0	0	0	0	0	0	0	
MIN	Mordenite_Ca	-4.78	-4.12	0	4.97	1.03	0	0	0.515	0	0	0	0	0	0	0	0	0	0	0	0	0	0	0	0	0	0	0	
MIN	Mordenite_Oregon	-4.772	-3.76	0	5.06	0.94	0	0	0.289	0.362	0	0	0	0	0	0	0	0	0	0	0	0	0	0	0	0	0	0	
MIN	Muscovite	0	-10	0	3	3	0	0	0	0	1	0	0	0	0	0	0	0	0	0	0	0	0	0	0	0	0	0	
MIN	Na(NO3)	0	0	0	0	0	0	0	0	1	0	0	0	0	0	0	0	1	0	0	0	0	0	0	0	0	0	0	
MIN	Na	0.5	-1	-0.25	0	0	0	0	0	1	0	0	0	0	0	0	0	0	0	0	0	0	0	0	0	0	0	0	
MIN	Na2(CO3)	0	0	0	0	0	0	0	0	2	0	1	0	0	0	0	0	0	0	0	0	0	0	0	0	0	0	0	
MIN	Na2B4O7	-9	2	0	0	0	0	0	0	2	0	0	0	0	0	0	4	0	0	0	0	0	0	0	0	0	0	0	
MIN	Na2B4O7(H2O)10	1	2	0	0	0	0	0	0	2	0	0	0	0	0	0	4	0	0	0	0	0	0	0	0	0	0	0	
MIN	Na2CO3(H2O)7	7	0	0	0	0	0	0	0	2	0	1	0	0	0	0	0	0	0	0	0	0	0	0	0	0	0	0	
MIN	Na2HPO4	0	-1	0	0	0	0	0	0	2	0	0	0	0	1	0	0	0	0	0	0	0	0	0	0	0	0	0	
MIN	Na2O	1	-2	0	0	0	0	0	0	2	0	0	0	0	0	0	0	0	0	0	0	0	0	0	0	0	0	0	
MIN	Na3PO4	0	-2	0	0	0	0	0	0	3	0	0	0	0	1	0	0	0	0	0	0	0	0	0	0	0	0	0	
MIN	NaBO2	-2	0	0	0	0	0	0	0	1	0	0	0	0	0	0	1	0	0	0	0	0	0	0	0	0	0	0	
MIN	NaF	0	0	0	0	0	0	0	0	1	0	0	0	1	0	0	0	0	0	0	0	0	0	0	0	0	0	0	
MIN	NaH2PO4	0	0	0	0	0	0	0	0	1	0	0	0	0	1	0	0	0	0	0	0	0	0	0	0	0	0	0	
MIN	Nahcolite	0	1	0	0	0	0	0	0	1	0	1	0	0	0	0	0	0	0	0	0	0	0	0	0	0	0	0	
MIN	Natrolite	0	-8	0	3	2	0	0	0	2	0	0	0	0	0	0	0	0	0	0	0	0	0	0	0	0	0	0	
MIN	Natron	10	0	0	0	0	0	0	0	2	0	1	0	0	0	0	0	0	0	0	0	0	0	0	0	0	0	0	
MIN	Nesquehonite	3	0	0	0	0	0	1	0	0	0	1	0	0	0	0	0	0	0	0	0	0	0	0	0	0	0	0	
MIN	Ni(BO2)2	-4	0	0	0	0	0	0	0	0	0	0	0	0	0	0	2	0	0	0	1	0	0	0	0	0	0	0	
MIN	!Ni(CO3)	0	0	0	0	0	0	0	0	0	0	1	0	0	0	0	0	0	0	0	1	0	0	0	0	0	0	0	
MIN	Ni(CO3)(H2O)11/2	5.5	0	0	0	0	0	0	0	0	0	1	0	0	0	0	0	0	0	0	1	0	0	0	0	0	0	0	
MIN	Ni(OH)2	2	-2	0	0	0	0	0	0	0	0	0	0	0	0	0	0	0	0	0	1	0	0	0	0	0	0	0	
MIN	Ni(SO4)	0	0	0	0	0	0	0	0	0	0	0	0	0	0	1	0	0	0	0	1	0	0	0	0	0	0	0	
MIN	Ni(SO4)(H2O)6	6	0	0	0	0	0	0	0	0	0	0	0	0	0	1	0	0	0	0	1	0	0	0	0	0	0	0	
MIN	Ni(SO4)(H2O)7	7	0	0	0	0	0	0	0	0	0	0	0	0	0	1	0	0	0	0	1	0	0	0	0	0	0	0	
MIN	!Ni(SiO3)	-1	-2	0	1	0	0	0	0	0	0	0	0	0	0	0	0	0	0	0	1	0	0	0	0	0	0	0	
MIN	Ni	1	-2	-0.5	0	0	0	0	0	0	0	0	0	0	0	0	0	0	0	0	1	0	0	0	0	0	0	0	
MIN	Ni11As8	-1	2	-15.5	0	0	0	0	0	0	0	0	0	0	0	0	0	0	0	0	11	0	0	0	8	0	0	0	
MIN	Ni3(AsO3)2	0	0	-1	0	0	0	0	0	0	0	0	0	0	0	0	0	0	0	0	3	0	0	0	2	0	0	0	
MIN	Ni3(AsO4)2(H2O)8	8	0	0	0	0	0	0	0	0	0	0	0	0	0	0	0	0	0	0	3	0	0	0	2	0	0	0	
MIN	Ni3(PO4)2	0	-4	0	0	0	0	0	0	0	0	0	0	0	2	0	0	0	0	0	3	0	0	0	0	0	0	0	
MIN	!Ni3O4	3	-6	0.5	0	0	0	0	0	0	0	0	0	0	0	0	0	0	0	0	3	0	0	0	0	0	0	0	
MIN	Ni5As2	2	-4	-5	0	0	0	0	0	0	0	0	0	0	0	0	0	0	0	0	5	0	0	0	2	0	0	0	
MIN	NiAs	-0.5	1	-1.75	0	0	0	0	0	0	0	0	0	0	0	0	0	0	0	0	1	0	0	0	1	0	0	0	
MIN	NiCl2	0	0	0	0	0	0	0	0	0	0	0	2	0	0	0	0	0	0	0	1	0	0	0	0	0	0	0	
MIN	NiCl2(H2O)2	2	0	0	0	0	0	0	0	0	0	0	2	0	0	0	0	0	0	0	1	0	0	0	0	0	0	0	
MIN	NiCl2(H2O)4	4	0	0	0	0	0	0	0	0	0	0	2	0	0	0	0	0	0	0	1	0	0	0	0	0	0	0	
MIN	NiCl2(H2O)6	6	0	0	0	0	0	0	0	0	0	0	2	0	0	0	0	0	0	0	1	0	0	0	0	0	0	0	
MIN	NiF2	0	0	0	0	0	0	0	0	0	0	0	0	2	0	0	0	0	0	0	1	0	0	0	0	0	0	0	
MIN	Nontronite-Ca	-3.475	-5.69	0.4175	3.66	0.67	1.67	0	0.17	0	0	0	0	0	0	0	0	0	0	0	0	0	0	0	0	0	0	0	
MIN	Nontronite-K	-3.475	-5.69	0.4175	3.66	0.67	1.67	0	0	0	0.34	0	0	0	0	0	0	0	0	0	0	0	0	0	0	0	0	0	
MIN	Nontronite-Mg	-3.475	-5.69	0.4175	3.66	0.67	1.67	0.17	0	0	0	0	0	0	0	0	0	0	0	0	0	0	0	0	0	0	0	0	
MIN	Nontronite-Na	-3.475	-5.69	0.4175	3.66	0.67	1.67	0	0	0.34	0	0	0	0	0	0	0	0	0	0	0	0	0	0	0	0	0	0	
MIN	Nontronite_Nau-2	-2.676	-6.48	0.422	3.458	0.818	1.688	0.068	0.247	0	0.02	0	0	0	0	0	0	0	0	0	0	0	0	0	0	0	0	0	
MIN	Okenite	-1	-2	0	2	0	0	0	1	0	0	0	0	0	0	0	0	0	0	0	0	0	0	0	0	0	0	0	
MIN	!Olivine	0	-4	0	1	0	0	0	0	0	0	0	0	0	0	0	0	0	0	0	2	0	0	0	0	0	0	0	
MIN	Orpiment	-6	12	-7	0	0	0	0	0	0	0	0	0	0	0	3	0	0	0	0	0	0	0	0	2	0	0	0	
MIN	P	-1.5	1	-1.25	0	0	0	0	0	0	0	0	0	0	1	0	0	0	0	0	0	0	0	0	0	0	0	0	
MIN	Paragonite	0	-10	0	3	3	0	0	0	1	0	0	0	0	0	0	0	0	0	0	0	0	0	0	0	0	0	0	
MIN	Paralaurionite	1	-1	0	0	0	0	0	0	0	0	0	1	0	0	0	0	0	0	0	0	0	0	0	0	0	0	1	
MIN	Pb(H2PO4)2	0	0	0	0	0	0	0	0	0	0	0	0	0	2	0	0	0	0	0	0	0	0	0	0	0	0	1	
MIN	Pb(HPO4)	0	-1	0	0	0	0	0	0	0	0	0	0	0	1	0	0	0	0	0	0	0	0	0	0	0	0	1	
MIN	Pb(OH)2	2	-2	0	0	0	0	0	0	0	0	0	0	0	0	0	0	0	0	0	0	0	0	0	0	0	0	1	
MIN	Pb	1	-2	-0.5	0	0	0	0	0	0	0	0	0	0	0	0	0	0	0	0	0	0	0	0	0	0	0	1	
MIN	Pb2(SiO4)	0	-4	0	1	0	0	0	0	0	0	0	0	0	0	0	0	0	0	0	0	0	0	0	0	0	0	2	
MIN	Pb3(AsO4)2	0	0	0	0	0	0	0	0	0	0	0	0	0	0	0	0	0	0	0	0	0	0	0	2	0	0	3	
MIN	Pb3(PO4)2	0	-4	0	0	0	0	0	0	0	0	0	0	0	2	0	0	0	0	0	0	0	0	0	0	0	0	3	
MIN	Pb4O(PO4)2	1	-6	0	0	0	0	0	0	0	0	0	0	0	2	0	0	0	0	0	0	0	0	0	0	0	0	4	
MIN	PbB2O4	-4	0	0	0	0	0	0	0	0	0	0	0	0	0	0	2	0	0	0	0	0	0	0	0	0	0	1	
MIN	PbF2	0	0	0	0	0	0	0	0	0	0	0	0	2	0	0	0	0	0	0	0	0	0	0	0	0	0	1	
MIN	PbMoO4	0	0	0	0	0	0	0	0	0	0	0	0	0	0	0	0	0	0	0	0	0	0	1	0	0	0	1	
MIN	PbSiO3(Glass)	-1	-2	0	1	0	0	0	0	0	0	0	0	0	0	0	0	0	0	0	0	0	0	0	0	0	0	1	
MIN	Pentahydrite	5	0	0	0	0	0	1	0	0	0	0	0	0	0	1	0	0	0	0	0	0	0	0	0	0	0	0	
MIN	Periclase	1	-2	0	0	0	0	1	0	0	0	0	0	0	0	0	0	0	0	0	0	0	0	0	0	0	0	0	
MIN	Phillipsite_Ca	-1	-4	0	3	1	0	0	0.5	0	0	0	0	0	0	0	0	0	0	0	0	0	0	0	0	0	0	0	
MIN	Phillipsite_K	-1	-4	0	3	1	0	0	0	0	1	0	0	0	0	0	0	0	0	0	0	0	0	0	0	0	0	0	
MIN	Phillipsite_Na	-1	-4	0	3	1	0	0	0	1	0	0	0	0	0	0	0	0	0	0	0	0	0	0	0	0	0	0	
MIN	Phlogopite_K	0	-10	0	3	1	0	3	0	0	1	0	0	0	0	0	0	0	0	0	0	0	0	0	0	0	0	0	
MIN	Phlogopite_Na	0	-10	0	3	1	0	3	0	1	0	0	0	0	0	0	0	0	0	0	0	0	0	0	0	0	0	0	
MIN	Phosgenite	0	0	0	0	0	0	0	0	0	0	1	2	0	0	0	0	0	0	0	0	0	0	0	0	0	0	2	
MIN	Picromerite	6	0	0	0	0	0	1	0	0	2	0	0	0	0	2	0	0	0	0	0	0	0	0	0	0	0	0	
MIN	Pirssonite	2	0	0	0	0	0	0	1	2	0	2	0	0	0	0	0	0	0	0	0	0	0	0	0	0	0	0	
MIN	Plattnerite	1	-2	0.5	0	0	0	0	0	0	0	0	0	0	0	0	0	0	0	0	0	0	0	0	0	0	0	1	
MIN	Plumbogummite	6	-9	0	0	3	0	0	0	0	0	0	0	0	2	0	0	0	0	0	0	0	0	0	0	0	0	1	
MIN	Plumbonacrite	7	-8	0	0	0	0	0	0	0	0	6	0	0	0	0	0	0	0	0	0	0	0	0	0	0	0	10	
MIN	Polydymite	-1	2	-7.5	0	0	0	0	0	0	0	0	0	0	0	4	0	0	0	0	3	0	0	0	0	0	0	0	
MIN	Polyhalite	2	0	0	0	0	0	1	2	0	2	0	0	0	0	4	0	0	0	0	0	0	0	0	0	0	0	0	
MIN	Portlandite	2	-2	0	0	0	0	0	1	0	0	0	0	0	0	0	0	0	0	0	0	0	0	0	0	0	0	0	
MIN	Pyrite	-1	2	-3.5	0	0	1	0	0	0	0	0	0	0	0	2	0	0	0	0	0	0	0	0	0	0	0	0	
MIN	Pyrochroite	2	-2	0	0	0	0	0	0	0	0	0	0	0	0	0	0	0	1	0	0	0	0	0	0	0	0	0	
MIN	Pyromorphite	0	-6	0	0	0	0	0	0	0	0	0	1	0	3	0	0	0	0	0	0	0	0	0	0	0	0	5	
MIN	Pyromorphite-F	0	-6	0	0	0	0	0	0	0	0	0	0	1	3	0	0	0	0	0	0	0	0	0	0	0	0	5	
MIN	Pyromorphite-OH	1	-7	0	0	0	0	0	0	0	0	0	0	0	3	0	0	0	0	0	0	0	0	0	0	0	0	5	
MIN	Pyrophyllite	-4	-6	0	4	2	0	0	0	0	0	0	0	0	0	0	0	0	0	0	0	0	0	0	0	0	0	0	
MIN	Pyrrhotite	-0.13	0.26	-1.935	0	0	0.87	0	0	0	0	0	0	0	0	1	0	0	0	0	0	0	0	0	0	0	0	0	
MIN	Quartz	-2	0	0	1	0	0	0	0	0	0	0	0	0	0	0	0	0	0	0	0	0	0	0	0	0	0	0	
MIN	Realgar	-2.5	5	-2.75	0	0	0	0	0	0	0	0	0	0	0	1	0	0	0	0	0	0	0	0	1	0	0	0	
MIN	Rhodochrosite	0	0	0	0	0	0	0	0	0	0	1	0	0	0	0	0	0	1	0	0	0	0	0	0	0	0	0	
MIN	Rhodochrosite(syn)	0	0	0	0	0	0	0	0	0	0	1	0	0	0	0	0	0	1	0	0	0	0	0	0	0	0	0	
MIN	Ripidolite_Cca-2	7.361	-17.25	0.05375	2.633	2.483	1.927	2.964	0.011	0	0	0	0	0	0	0	0	0	0	0	0	0	0	0	0	0	0	0	
MIN	S	-1	2	-1.5	0	0	0	0	0	0	0	0	0	0	0	1	0	0	0	0	0	0	0	0	0	0	0	0	
MIN	Sacchite	0	0	0	0	0	0	0	0	0	0	0	2	0	0	0	0	0	1	0	0	0	0	0	0	0	0	0	
MIN	Sanidine	-4	-4	0	3	1	0	0	0	0	1	0	0	0	0	0	0	0	0	0	0	0	0	0	0	0	0	0	
MIN	Saponite-Ca	-2.64	-7.36	0	3.66	0.34	0	3	0.17	0	0	0	0	0	0	0	0	0	0	0	0	0	0	0	0	0	0	0	
MIN	Saponite-FeCa	-2.64	-7.36	0	3.66	0.34	1	2	0.17	0	0	0	0	0	0	0	0	0	0	0	0	0	0	0	0	0	0	0	
MIN	Saponite-FeK	-2.64	-7.36	0	3.66	0.34	1	2	0	0	0.34	0	0	0	0	0	0	0	0	0	0	0	0	0	0	0	0	0	
MIN	Saponite-FeMg	-2.64	-7.36	0	3.66	0.34	1	2.17	0	0	0	0	0	0	0	0	0	0	0	0	0	0	0	0	0	0	0	0	
MIN	Saponite-FeNa	-2.64	-7.36	0	3.66	0.34	1	2	0	0.34	0	0	0	0	0	0	0	0	0	0	0	0	0	0	0	0	0	0	
MIN	Saponite-K	-2.64	-7.36	0	3.66	0.34	0	3	0	0	0.34	0	0	0	0	0	0	0	0	0	0	0	0	0	0	0	0	0	
MIN	Saponite-Mg	-2.64	-7.36	0	3.66	0.34	0	3.17	0	0	0	0	0	0	0	0	0	0	0	0	0	0	0	0	0	0	0	0	
MIN	Saponite-Na	-2.64	-7.36	0	3.66	0.34	0	3	0	0.34	0	0	0	0	0	0	0	0	0	0	0	0	0	0	0	0	0	0	
MIN	Saponite_SapCa	-2.293	-7.69	0.0085	3.569	0.397	0.055	2.949	0.038	0.394	0.021	0	0	0	0	0	0	0	0	0	0	0	0	0	0	0	0	0	
MIN	Saponite_SapCa(4.151H2O)	1.858	-7.69	0.0085	3.569	0.397	0.055	2.949	0.038	0.394	0.021	0	0	0	0	0	0	0	0	0	0	0	0	0	0	0	0	0	
MIN	Scolecite	1	-8	0	3	2	0	0	1	0	0	0	0	0	0	0	0	0	0	0	0	0	0	0	0	0	0	0	
MIN	Si	-2	0	-1	1	0	0	0	0	0	0	0	0	0	0	0	0	0	0	0	0	0	0	0	0	0	0	0	
MIN	SiO2(am)	-2	0	0	1	0	0	0	0	0	0	0	0	0	0	0	0	0	0	0	0	0	0	0	0	0	0	0	
MIN	Siderite	0	0	0	0	0	1	0	0	0	0	1	0	0	0	0	0	0	0	0	0	0	0	0	0	0	0	0	
MIN	Siderophyllite	4	-14	0	2	3	2	0	0	0	1	0	0	0	0	0	0	0	0	0	0	0	0	0	0	0	0	0	
MIN	SmectiteMX80	-3.038	-6.875	0.04325	3.738	1.86	0.208	0.214	0.009	0.409	0.024	0	0	0	0	0	0	0	0	0	0	0	0	0	0	0	0	0	
MIN	Smectite_MX80(3.989H2O)	0.9505	-6.875	0.04325	3.738	1.86	0.208	0.214	0.009	0.409	0.024	0	0	0	0	0	0	0	0	0	0	0	0	0	0	0	0	0	
MIN	Smectite_MX80(5.189H2O)	2.151	-6.875	0.04325	3.738	1.86	0.208	0.214	0.009	0.409	0.024	0	0	0	0	0	0	0	0	0	0	0	0	0	0	0	0	0	
MIN	Sr(HPO4)	0	-1	0	0	0	0	0	0	0	0	0	0	0	1	0	0	0	0	0	0	0	0	0	0	1	0	0	
MIN	Sr(NO3)2	0	0	0	0	0	0	0	0	0	0	0	0	0	0	0	0	2	0	0	0	0	0	0	0	1	0	0	
MIN	Sr(NO3)2(H2O)2	2	0	0	0	0	0	0	0	0	0	0	0	0	0	0	0	2	0	0	0	0	0	0	0	1	0	0	
MIN	Sr(NO3)2(H2O)4	4	0	0	0	0	0	0	0	0	0	0	0	0	0	0	0	2	0	0	0	0	0	0	0	1	0	0	
MIN	Sr(OH)2	2	-2	0	0	0	0	0	0	0	0	0	0	0	0	0	0	0	0	0	0	0	0	0	0	1	0	0	
MIN	Sr(OH)2(H2O)8	10	-2	0	0	0	0	0	0	0	0	0	0	0	0	0	0	0	0	0	0	0	0	0	0	1	0	0	
MIN	Sr	1	-2	-0.5	0	0	0	0	0	0	0	0	0	0	0	0	0	0	0	0	0	0	0	0	0	1	0	0	
MIN	Sr2SiO4	0	-4	0	1	0	0	0	0	0	0	0	0	0	0	0	0	0	0	0	0	0	0	0	0	2	0	0	
MIN	Sr3(AsO4)2	0	0	0	0	0	0	0	0	0	0	0	0	0	0	0	0	0	0	0	0	0	0	0	2	3	0	0	
MIN	Sr3(PO4)2	0	-4	0	0	0	0	0	0	0	0	0	0	0	2	0	0	0	0	0	0	0	0	0	0	3	0	0	
MIN	Sr5(PO4)3(OH)	1	-7	0	0	0	0	0	0	0	0	0	0	0	3	0	0	0	0	0	0	0	0	0	0	5	0	0	
MIN	SrCl2	0	0	0	0	0	0	0	0	0	0	0	2	0	0	0	0	0	0	0	0	0	0	0	0	1	0	0	
MIN	SrCl2(H2O)2	2	0	0	0	0	0	0	0	0	0	0	2	0	0	0	0	0	0	0	0	0	0	0	0	1	0	0	
MIN	SrCl2(H2O)6	6	0	0	0	0	0	0	0	0	0	0	2	0	0	0	0	0	0	0	0	0	0	0	0	1	0	0	
MIN	SrCl2(H2O)	1	0	0	0	0	0	0	0	0	0	0	2	0	0	0	0	0	0	0	0	0	0	0	0	1	0	0	
MIN	SrCrO4	0	0	0	0	0	0	0	0	0	0	0	0	0	0	0	0	0	0	1	0	0	0	0	0	1	0	0	
MIN	SrF2	0	0	0	0	0	0	0	0	0	0	0	0	2	0	0	0	0	0	0	0	0	0	0	0	1	0	0	
MIN	SrMoO4	0	0	0	0	0	0	0	0	0	0	0	0	0	0	0	0	0	0	0	0	0	0	1	0	1	0	0	
MIN	SrO	1	-2	0	0	0	0	0	0	0	0	0	0	0	0	0	0	0	0	0	0	0	0	0	0	1	0	0	
MIN	SrS	0	0	-2	0	0	0	0	0	0	0	0	0	0	0	1	0	0	0	0	0	0	0	0	0	1	0	0	
MIN	SrSiO3	-1	-2	0	1	0	0	0	0	0	0	0	0	0	0	0	0	0	0	0	0	0	0	0	0	1	0	0	
MIN	Stellerite	-6	-16	0	14	4	0	0	2	0	0	0	0	0	0	0	0	0	0	0	0	0	0	0	0	0	0	0	
MIN	Stilbite	0	-20	0	13	5	0	0	2	1	0	0	0	0	0	0	0	0	0	0	0	0	0	0	0	0	0	0	
MIN	Stratlingite	11	-10	0	1	2	0	0	2	0	0	0	0	0	0	0	0	0	0	0	0	0	0	0	0	0	0	0	
MIN	Strontianite	0	0	0	0	0	0	0	0	0	0	1	0	0	0	0	0	0	0	0	0	0	0	0	0	1	0	0	
MIN	Sudoite	6	-16	0	3	4	0	2	0	0	0	0	0	0	0	0	0	0	0	0	0	0	0	0	0	0	0	0	
MIN	Sylvite	0	0	0	0	0	0	0	0	0	1	0	1	0	0	0	0	0	0	0	0	0	0	0	0	0	0	0	
MIN	Syngenite	6	0	0	0	0	0	0	1	0	2	0	0	0	0	2	0	0	0	0	0	0	0	0	0	0	0	0	
MIN	Tachyhydrite	12	0	0	0	0	0	2	1	0	0	0	6	0	0	0	0	0	0	0	0	0	0	0	0	0	0	0	
MIN	Talc	-4	-6	0	4	0	0	3	0	0	0	0	0	0	0	0	0	0	0	0	0	0	0	0	0	0	0	0	
MIN	Thermonatrite	1	0	0	0	0	0	0	0	2	0	1	0	0	0	0	0	0	0	0	0	0	0	0	0	0	0	0	
MIN	Thernardite	0	0	0	0	0	0	0	0	2	0	0	0	0	0	1	0	0	0	0	0	0	0	0	0	0	0	0	
MIN	Tobermorite-11A	-1.5	-10	0	6	0	0	0	5	0	0	0	0	0	0	0	0	0	0	0	0	0	0	0	0	0	0	0	
MIN	Tobermorite-14A	3.5	-10	0	6	0	0	0	5	0	0	0	0	0	0	0	0	0	0	0	0	0	0	0	0	0	0	0	
MIN	Trevorite	3	-6	0.5	0	0	2	0	0	0	0	0	0	0	0	0	0	0	0	0	1	0	0	0	0	0	0	0	
MIN	Troilite	0	0	-2	0	0	1	0	0	0	0	0	0	0	0	1	0	0	0	0	0	0	0	0	0	0	0	0	
MIN	Trona	2	1	0	0	0	0	0	0	3	0	2	0	0	0	0	0	0	0	0	0	0	0	0	0	0	0	0	
MIN	Truscottite	-14	-14	0	12	0	0	0	7	0	0	0	0	0	0	0	0	0	0	0	0	0	0	0	0	0	0	0	
MIN	Vaesite	-1	2	-3.5	0	0	0	0	0	0	0	0	0	0	0	2	0	0	0	0	1	0	0	0	0	0	0	0	
MIN	Vaterite	0	0	0	0	0	0	0	1	0	0	1	0	0	0	0	0	0	0	0	0	0	0	0	0	0	0	0	
MIN	Vermiculite-Ca	-0.56	-9.44	0	3.14	0.86	0	3	0.43	0	0	0	0	0	0	0	0	0	0	0	0	0	0	0	0	0	0	0	
MIN	Vermiculite-K	-0.56	-9.44	0	3.14	0.86	0	3	0	0	0.86	0	0	0	0	0	0	0	0	0	0	0	0	0	0	0	0	0	
MIN	Vermiculite-Mg	-0.56	-9.44	0	3.14	0.86	0	3.43	0	0	0	0	0	0	0	0	0	0	0	0	0	0	0	0	0	0	0	0	
MIN	Vermiculite-Na	-0.56	-9.44	0	3.14	0.86	0	3	0	0.86	0	0	0	0	0	0	0	0	0	0	0	0	0	0	0	0	0	0	
MIN	Vermiculite_SO	0.775	-10.66	0.0565	2.778	1.438	0.254	2.475	0.445	0	0	0	0	0	0	0	0	0	0	0	0	0	0	0	0	0	0	0	
MIN	Vivianite	8	-4	0	0	0	3	0	0	0	0	0	0	0	2	0	0	0	0	0	0	0	0	0	0	0	0	0	
MIN	Wairakite	-2	-8	0	4	2	0	0	1	0	0	0	0	0	0	0	0	0	0	0	0	0	0	0	0	0	0	0	
MIN	Witherite	0	0	0	0	0	0	0	0	0	0	1	0	0	0	0	0	0	0	0	0	0	0	0	0	0	1	0	
MIN	Xonotlite	-5	-12	0	6	0	0	0	6	0	0	0	0	0	0	0	0	0	0	0	0	0	0	0	0	0	0	0	
MIN	Zeolite_CaP	9	-16	0	4	4	0	0	2	0	0	0	0	0	0	0	0	0	0	0	0	0	0	0	0	0	0	0	
MIN	Zn3(AsO4)2	0	0	0	0	0	0	0	0	0	0	0	0	0	0	0	0	0	0	0	0	0	3	0	2	0	0	0	
MIN	ZnB2O4	-4	0	0	0	0	0	0	0	0	0	0	0	0	0	0	2	0	0	0	0	0	1	0	0	0	0	0	
MIN	illite-FeIII	-0.725	-9.15	0.0625	3.15	2.6	0.25	0	0	0	0.85	0	0	0	0	0	0	0	0	0	0	0	0	0	0	0	0	0	
